data_coleta,categoria_key,id,nome,preco_original,preco_atual,preco_pix,desconto_pct,avaliacao,num_avaliacoes,disponivel,fabricante,categoria,garantia,frete_gratis,url
2026-07-01,ram,172366,"Memória RAM Kingston Fury Beast, 16GB, 3200MHz, DDR4, CL16, Preto - KF432C16BB1/16",1319.66,1319.66,1121.71,15,5,1229,True,Kingston,Hardware/Memória RAM/DDR 4,10 anos de garantia (3 meses de garantia legal + 117 meses de garantia contratual junto ao fabricante),False,https://www.kabum.com.br/produto/172366/memoria-ram-kingston-fury-beast-16gb-3200mhz-ddr4-cl16-preto-kf432c16bb1-16
2026-07-01,ram,383892,"Memória RAM Rise Mode Z, 8GB, 3200MHz, DDR4, CL19, Preto - RM-D4-8G-3200Z",0.0,447.05,379.99,15,5,692,True,Rise Mode,Hardware/Memória RAM/DDR 4/3200MHz,6 meses de garantia (3 meses de garantia legal + 3 meses de garantia contratual junto ao fabricante),False,https://www.kabum.com.br/produto/383892/memoria-ram-rise-mode-z-8gb-3200mhz-ddr4-cl19-preto-rm-d4-8g-3200z
2026-07-01,ram,922165,"Memória RAM Husky Impulse, 8GB, 3200MHz, DDR4, CL22, Preto - HRM001083222PT",647.05,647.05,549.99,15,5,264,True,Husky,Hardware/Memória RAM/DDR 4/3200MHz,3 anos de garantia (3 meses de garantia legal + 33 meses de garantia contratual junto ao fabricante),False,https://www.kabum.com.br/produto/922165/memoria-ram-husky-impulse-8gb-3200mhz-ddr4-cl22-preto-hrm001083222pt
2026-07-01,ram,922166,"Memória RAM Husky Impulse, 16GB, 3200MHz, DDR4, CL22, Preto - HRM001163222PT",1176.46,1176.46,999.99,15,5,86,True,Husky,Hardware/Memória RAM/DDR 4/3200MHz,3 anos de garantia (3 meses de garantia legal + 33 meses de garantia contratual junto ao fabricante),False,https://www.kabum.com.br/produto/922166/memoria-ram-husky-impulse-16gb-3200mhz-ddr4-cl22-preto-hrm001163222pt
2026-07-01,ram,911804,"Memória para Notebook Rise Mode Value, 8GB, 3200MHz, DDR4, CL22, Preto - RM-D4-8G-3200VN",388.88,388.88,349.99,10,5,36,True,Rise Mode,Hardware/Memória RAM/DDR 4/3200MHz,1 ano de garantia (3 meses de garantia legal + 9 meses de garantia contratual junto ao fabricante),False,https://www.kabum.com.br/produto/911804/memoria-para-notebook-rise-mode-value-8gb-3200mhz-ddr4-cl22-preto-rm-d4-8g-3200vn
2026-07-01,ram,526516,"Memória RAM XPG Lancer, RGB, 32GB (2x16GB), 6000MHz, DDR5, CL30, Preto - AX5U6000C3016G-DCLARBK",0.0,4235.28,3599.99,15,5,282,True,XPG,Hardware/Memória RAM/DDR 5,10 anos de garantia (3 meses de garantia legal + 117 meses de garantia contratual junto ao fabricante),False,https://www.kabum.com.br/produto/526516/memoria-ram-xpg-lancer-rgb-32gb-2x16gb-6000mhz-ddr5-cl30-preto-ax5u6000c3016g-dclarbk
2026-07-01,ram,477150,"Memória RAM XPG Spectrix D35G, RGB, 16GB, 3200MHz, DDR4, CL16, Branco - AX4U320016G16A-SWHD35G",0.0,1164.69,989.99,15,5,199,True,XPG,Hardware/Memória RAM/DDR 4,10 anos de garantia (3 meses de garantia legal + 117 meses de garantia contratual junto ao fabricante),False,https://www.kabum.com.br/produto/477150/memoria-ram-xpg-spectrix-d35g-rgb-16gb-3200mhz-ddr4-cl16-branco-ax4u320016g16a-swhd35g
2026-07-01,ram,480402,"Memoria RAM Para Notebook Rise Mode Value, 16GB, 3200MHZ, DDR4, CL22 - RM-D4-16G-3200VN",1058.81,1058.81,899.99,15,5,142,True,Rise Mode,Hardware/Memória RAM/DDR 4/3200MHz,1 ano de garantia (3 meses de garantia legal + 9 meses de garantia contratual junto ao fabricante),False,https://www.kabum.com.br/produto/480402/memoria-ram-para-notebook-rise-mode-value-16gb-3200mhz-ddr4-cl22-rm-d4-16g-3200vn
2026-07-01,ram,172365,"Memória RAM Kingston Fury Beast, 8GB, 3200MHz, DDR4, CL16, Preto - KF432C16BB/8",0.0,952.74,809.83,15,5,1613,True,Kingston,Hardware/Memória RAM/DDR 4,10 anos de garantia (3 meses de garantia legal + 117 meses de garantia contratual junto ao fabricante),False,https://www.kabum.com.br/produto/172365/memoria-ram-kingston-fury-beast-8gb-3200mhz-ddr4-cl16-preto-kf432c16bb-8
2026-07-01,ram,383893,"Memória RAM Rise Mode Z, 8GB, 3200MHz, DDR4, CL19, Branco - RM-D4-8G-3200ZW",529.4,529.4,449.99,15,5,266,True,Rise Mode,Hardware/Memória RAM/DDR 4/3200MHz,6 meses de garantia (3 meses de garantia legal + 3 meses de garantia contratual junto ao fabricante),False,https://www.kabum.com.br/produto/383893/memoria-ram-rise-mode-z-8gb-3200mhz-ddr4-cl19-branco-rm-d4-8g-3200zw
2026-07-01,ram,102452,"Memória RAM para Notebook Rise Mode, 8GB, 2400MHz, DDR4, CL17 - RM-D4-8G-2400VN",379.9,379.9,379.9,0,5,226,True,Rise Mode,Hardware/Memória RAM/DDR 4/2400MHz,3 anos de garantia (3 meses de garantia legal + 33 meses de garantia contratual junto ao fabricante),False,https://www.kabum.com.br/produto/102452/memoria-ram-para-notebook-rise-mode-8gb-2400mhz-ddr4-cl17-rm-d4-8g-2400vn
2026-07-01,ram,193299,"Memória RAM Para Notebook Kingston Fury Impact, 8GB, 3200MHz, DDR4, CL20 - KF432S20IB/8",567.05,567.05,481.99,15,5,573,True,Kingston,Hardware/Memória RAM/DDR 4,10 anos de garantia (3 meses de garantia legal + 117 meses de garantia contratual junto ao fabricante),False,https://www.kabum.com.br/produto/193299/memoria-ram-para-notebook-kingston-fury-impact-8gb-3200mhz-ddr4-cl20-kf432s20ib-8
2026-07-01,ram,474941,"Memória RAM XPG Gammix D35, 16GB, 3200MHz, DDR4, CL16, Preto - AX4U320016G16A-SBKD35",1411.75,1411.75,1199.99,15,5,150,True,XPG,Hardware/Memória RAM/DDR 4,10 anos de garantia (3 meses de garantia legal + 117 meses de garantia contratual junto ao fabricante),False,https://www.kabum.com.br/produto/474941/memoria-ram-xpg-gammix-d35-16gb-3200mhz-ddr4-cl16-preto-ax4u320016g16a-sbkd35
2026-07-01,ram,466803,"Memória RAM para Notebook Rise Mode Value Series, 8GB, 1600MHz, DDR3, CL11 - RM-D3-8G1600NL",0.0,159.88,135.9,15,5,206,True,Rise Mode,Hardware/Memória RAM/DDR 3/1600 Mhz PC12800,1 ano de garantia (3 meses de garantia legal + 9 meses de garantia contratual junto ao fabricante),False,https://www.kabum.com.br/produto/466803/memoria-ram-para-notebook-rise-mode-value-series-8gb-1600mhz-ddr3-cl11-rm-d3-8g1600nl
2026-07-01,ram,677473,"Memória RAM XPG Lancer Blade, 16GB, RGB, DDR5, 6000MHz, Single Tray, CL48, Preto  - AX5U6000C4816G-SLABRBK",2717.64,2717.64,2309.99,15,5,23,True,XPG,Hardware/Memória RAM/DDR 5,1 ano de garantia (3 meses de garantia legal + 9 meses de garantia contratual junto ao fabricante),False,https://www.kabum.com.br/produto/677473/memoria-ram-xpg-lancer-blade-16gb-rgb-ddr5-6000mhz-single-tray-cl48-preto-ax5u6000c4816g-slabrbk
2026-07-01,ram,677475,"Memória RAM XPG Lancer Blade, 16GB, RGB, DDR5, 6000MHz, Single Tray, CL48, Branco - AX5U6000C4816G-SLABRWH",2117.64,2117.64,1799.99,15,5,31,True,XPG,Hardware/Memória RAM/DDR 5,1 ano de garantia (3 meses de garantia legal + 9 meses de garantia contratual junto ao fabricante),False,https://www.kabum.com.br/produto/677475/memoria-ram-xpg-lancer-blade-16gb-rgb-ddr5-6000mhz-single-tray-cl48-branco-ax5u6000c4816g-slabrwh
2026-07-01,ram,708329,"Memória RAM Kingston Fury Beast, 16GB 6000MT/s DDR5 CL36, DIMM, Preto, EXPO - KF560C36BBE2-16",0.0,2176.46,1849.99,15,5,9,True,Kingston,Hardware/Memória RAM/DDR 5/6000MHz,10 anos de garantia (3 meses de garantia legal + 117 meses de garantia contratual junto ao fabricante),False,https://www.kabum.com.br/produto/708329/memoria-ram-kingston-fury-beast-16gb-6000mt-s-ddr5-cl36-dimm-preto-expo-kf560c36bbe2-16
2026-07-01,ram,564690,Memoria   8GB P/ Notebook Kingston Ddr4 3200mhz Kvr32s22s8/8,0.0,400.99,368.91,8,5,1,True,Kingston,Hardware/Memória RAM/DDR 4/3200MHz,Sem Garantia,False,https://www.kabum.com.br/produto/564690/memoria-8gb-p-notebook-kingston-ddr4-3200mhz-kvr32s22s8-8
2026-07-01,ram,643766,"Memória RAM para Notebook Husky, 16GB, 3200MHz, DDR4, CL22 - HRMN001163222PT",1117.64,1117.64,949.99,15,5,39,True,Husky,Hardware/Memória RAM/DDR 4/3200MHz,3 anos de garantia (3 meses de garantia legal + 33 meses de garantia contratual junto ao fabricante),False,https://www.kabum.com.br/produto/643766/memoria-ram-para-notebook-husky-16gb-3200mhz-ddr4-cl22-hrmn001163222pt
2026-07-01,ram,502912,Memoria   8gb Kingston Ddr4 2666mhz - Kvr26n19s8/8.,0.0,393.79,362.29,8,5,1,True,Kingston,Hardware/Memória RAM/DDR 3/1333 Mhz PC10666,Sem Garantia,False,https://www.kabum.com.br/produto/502912/memoria-8gb-kingston-ddr4-2666mhz-kvr26n19s8-8-
2026-07-01,ram,643764,"Memória RAM para Notebook Husky, 8GB, 2666MHz, DDR4, CL19 - HRMN001082619PT",588.22,588.22,499.99,15,5,36,True,Husky,Hardware/Memória RAM/DDR 4/2666MHz,3 anos de garantia (3 meses de garantia legal + 33 meses de garantia contratual junto ao fabricante),False,https://www.kabum.com.br/produto/643764/memoria-ram-para-notebook-husky-8gb-2666mhz-ddr4-cl19-hrmn001082619pt
2026-07-01,ram,616568,"Memória RAM Kingston Fury Beast Expo, 32GB (2X16GB), 6000MT/s, DDR5, DIMM, CL30, Preto - KF560C30BBEK2-32",0.0,4705.87,3999.99,15,5,66,True,Kingston,Hardware/Memória RAM/DDR 5,10 anos de garantia (3 meses de garantia legal + 117 meses de garantia contratual junto ao fabricante),False,https://www.kabum.com.br/produto/616568/memoria-ram-kingston-fury-beast-expo-32gb-2x16gb-6000mt-s-ddr5-dimm-cl30-preto-kf560c30bbek2-32
2026-07-01,ram,233588,"Memória Kingston UDIMM, 8GB, 1600MHz, DDR3, Para Desktop KVR16N11/8",0.0,141.49,128.76,9,5,47,True,Kingston,Hardware/Memória RAM/DDR 3/1600 Mhz PC12800,Sem Garantia,False,https://www.kabum.com.br/produto/233588/memoria-kingston-udimm-8gb-1600mhz-ddr3-para-desktop-kvr16n11-8
2026-07-01,ram,996480,"Memória RAM Husky Impulse, RGB, 8GB, 3200MHz, DDR4, CL22, Preto - HRM002083222RGB",666.66,666.66,599.99,10,5,2,True,Husky,Hardware/Memória RAM/DDR 4/3200MHz,1 ano de garantia (3 meses de garantia legal + 9 meses de garantia contratual junto ao fabricante),False,https://www.kabum.com.br/produto/996480/memoria-ram-husky-impulse-rgb-8gb-3200mhz-ddr4-cl22-preto-hrm002083222rgb
2026-07-01,ram,475278,"Memória RAM Rise Mode Z, 32GB, 3200MHz, DDR4, CL19, Branco - RM-D4-32G-3200ZW",0.0,1435.18,1219.9,15,5,39,True,Rise Mode,Hardware/Memória RAM/DDR 4/3200MHz,1 ano de garantia (3 meses de garantia legal + 9 meses de garantia contratual junto ao fabricante),False,https://www.kabum.com.br/produto/475278/memoria-ram-rise-mode-z-32gb-3200mhz-ddr4-cl19-branco-rm-d4-32g-3200zw
2026-07-01,ram,513720,"Memória RAM Gamer Rise Mode Aura, ARGB, 16GB, 3200MHz, DDR4, CL19, Preto - RM-D4AB-16G-3200ARGB",0.0,1018.71,865.9,15,5,23,True,Rise Mode,Hardware/Memória RAM/DDR 4/3200MHz,1 ano de garantia (3 meses de garantia legal + 9 meses de garantia contratual junto ao fabricante),False,https://www.kabum.com.br/produto/513720/memoria-ram-gamer-rise-mode-aura-argb-16gb-3200mhz-ddr4-cl19-preto-rm-d4ab-16g-3200argb
2026-07-01,ram,466802,"Memória RAM para Notebook Rise Mode Value Series, 4GB, 1600MHz, DDR3, CL11 - RM-D3-4G1600NL",0.0,91.75,77.99,15,5,45,True,Rise Mode,Hardware/Memória RAM/DDR 3/1600 Mhz PC12800,1 ano de garantia (3 meses de garantia legal + 9 meses de garantia contratual junto ao fabricante),False,https://www.kabum.com.br/produto/466802/memoria-ram-para-notebook-rise-mode-value-series-4gb-1600mhz-ddr3-cl11-rm-d3-4g1600nl
2026-07-01,ram,506124,"Memória RAM Corsair Vengeance, 32GB (2X16GB), 6000MHz, DDR5, CL36, Preto - CMK32GX5M2E6000C36",4694.0,4694.0,3989.9,15,5,57,True,Corsair,Hardware/Memória RAM/DDR 5,10 anos de garantia (3 meses de garantia legal + 117 meses de garantia contratual junto ao fabricante),False,https://www.kabum.com.br/produto/506124/memoria-ram-corsair-vengeance-32gb-2x16gb-6000mhz-ddr5-cl36-preto-cmk32gx5m2e6000c36
2026-07-01,ram,1015048,Memoria 16gb Ddr4 Kingston 3200mhz Kvr32n22s8/16,740.49,740.49,696.06,6,0,0,True,Kingston,Hardware/Memória RAM/DDR 4/3200MHz,Sem Garantia,False,https://www.kabum.com.br/produto/1015048/memoria-16gb-ddr4-kingston-3200mhz-kvr32n22s8-16
2026-07-01,ram,643765,"Memória RAM para Notebook Husky, 8GB, 3200MHz, DDR4, CL19 - HRMN001083219PT",647.05,647.05,549.99,15,5,61,True,Husky,Hardware/Memória RAM/DDR 4,3 anos de garantia (3 meses de garantia legal + 33 meses de garantia contratual junto ao fabricante),False,https://www.kabum.com.br/produto/643765/memoria-ram-para-notebook-husky-8gb-3200mhz-ddr4-cl19-hrmn001083219pt
2026-07-01,ram,285967,"Memória RAM Kingston Fury Beast, 16GB, 5600MHz, DDR5, CL40, para Intel XMP, Preto - KF556C40BB-16",2235.28,2235.28,1899.99,15,5,63,True,Kingston,Hardware/Memória RAM/DDR 5,10 anos de garantia (3 meses de garantia legal + 117 meses de garantia contratual junto ao fabricante),False,https://www.kabum.com.br/produto/285967/memoria-ram-kingston-fury-beast-16gb-5600mhz-ddr5-cl40-para-intel-xmp-preto-kf556c40bb-16
2026-07-01,ram,513722,"Memória RAM Gamer Rise Mode Aura, RGB, 32GB (2x16GB), 3200MHz, DDR4, CL19, Preto - RM-D4AB-32G-3200ARGB.",0.0,1999.88,1699.9,15,5,22,True,Rise Mode,Hardware/Memória RAM/DDR 4/3200MHz,1 ano de garantia (3 meses de garantia legal + 9 meses de garantia contratual junto ao fabricante),False,https://www.kabum.com.br/produto/513722/memoria-ram-gamer-rise-mode-aura-rgb-32gb-2x16gb-3200mhz-ddr4-cl19-preto-rm-d4ab-32g-3200argb
2026-07-01,ram,264718,"Memória RAM Kingston Fury Beast, 16GB, 5200MHz, DDR5, CL40, para Intel XMP, Preto - KF552C40BB-16",2035.18,2035.18,1729.9,15,5,28,True,Kingston,Hardware/Memória RAM/DDR 5,10 anos de garantia (3 meses de garantia legal + 117 meses de garantia contratual junto ao fabricante),False,https://www.kabum.com.br/produto/264718/memoria-ram-kingston-fury-beast-16gb-5200mhz-ddr5-cl40-para-intel-xmp-preto-kf552c40bb-16
2026-07-01,ram,163762,"Memória RAM Kingston, 8GB, 2400MHz, DDR4, CL17 - KVR24N17S8/8",0.0,688.34,688.34,0,5,9,True,Kingston,Hardware/Memória RAM/DDR 4,Sem Garantia,False,https://www.kabum.com.br/produto/163762/memoria-ram-kingston-8gb-2400mhz-ddr4-cl17-kvr24n17s8-8
2026-07-01,ram,466683,"Memória RAM Gamer Rise Mode Venon, ARGB, 8GB, 3200Mhz, DDR4, CL19, Preto - RM-D4-8G-3200-RGB",1042.24,1042.24,885.9,15,5,48,True,Rise Mode,Hardware/Memória RAM/DDR 4/3200MHz,1 ano de garantia (3 meses de garantia legal + 9 meses de garantia contratual junto ao fabricante),False,https://www.kabum.com.br/produto/466683/memoria-ram-gamer-rise-mode-venon-argb-8gb-3200mhz-ddr4-cl19-preto-rm-d4-8g-3200-rgb
2026-07-01,ram,724690,"Memória Gamer Rise Mode 16GB, DDR4, 3200MHz, CL16, Viper White - RM-D4-16G-3200VP-W",1323.52,1323.52,1124.99,15,5,22,True,Rise Mode,Hardware/Memória RAM/DDR 4,1 ano de garantia (3 meses de garantia legal + 9 meses de garantia contratual junto ao fabricante),False,https://www.kabum.com.br/produto/724690/memoria-gamer-rise-mode-16gb-ddr4-3200mhz-cl16-viper-white-rm-d4-16g-3200vp-w
2026-07-01,ram,506073,"Memoria RAM para Notebook  Kingston 16GB, 2666MHz, DDR4 - KVR26S19S8/16",723.99,723.99,666.07,8,5,2,True,Kingston,Hardware/Memória RAM/DDR 4/2666MHz,Sem Garantia,False,https://www.kabum.com.br/produto/506073/memoria-ram-para-notebook-kingston-16gb-2666mhz-ddr4-kvr26s19s8-16
2026-07-01,ram,688892,Kit Com 2 Memorias   8GB Ddr3 Kingston 1600mhz Kvr16n11/8,0.0,267.49,248.77,7,5,2,True,Kingston,Hardware/Memória RAM/DDR 3/1600 Mhz PC12800,Sem Garantia,False,https://www.kabum.com.br/produto/688892/kit-com-2-memorias-8gb-ddr3-kingston-1600mhz-kvr16n11-8
2026-07-01,ram,616570,"Memória RAM Kingston Fury Beast Expo, 64GB (2X32GB), 6000MT/s, DDR5, DIMM, CL30, Preto - KF560C30BBEK2-64",0.0,10235.28,8699.99,15,5,13,True,Kingston,Hardware/Memória RAM/DDR 5,10 anos de garantia (3 meses de garantia legal + 117 meses de garantia contratual junto ao fabricante),False,https://www.kabum.com.br/produto/616570/memoria-ram-kingston-fury-beast-expo-64gb-2x32gb-6000mt-s-ddr5-dimm-cl30-preto-kf560c30bbek2-64
2026-07-01,ram,528846,"Memória Para Notebook Adata XPG, 16GB, 5600MHz, DDR5, CL46 - AD5S560016G-S",0.0,2117.64,1799.99,15,5,54,True,Adata,Hardware/Memória RAM/DDR 5,10 anos de garantia (3 meses de garantia legal + 117 meses de garantia contratual junto ao fabricante),False,https://www.kabum.com.br/produto/528846/memoria-para-notebook-adata-xpg-16gb-5600mhz-ddr5-cl46-ad5s560016g-s
2026-07-01,ram,175123,"Memória RAM Kingston 16GB, 2666MHz, DDR4, CL19 - KVR26N19S8/16",0.0,668.49,621.7,7,4,3,True,Kingston,Hardware/Memória RAM/DDR 4,Sem Garantia,False,https://www.kabum.com.br/produto/175123/memoria-ram-kingston-16gb-2666mhz-ddr4-cl19-kvr26n19s8-16
2026-07-01,ram,532646,"Memoria Kingston, 8GB, DDR3, 1333mhz - Kvr1333d3n9/8g.",0.0,141.49,128.76,9,0,0,True,Kingston,Hardware/Memória RAM,Sem Garantia,False,https://www.kabum.com.br/produto/532646/memoria-kingston-8gb-ddr3-1333mhz-kvr1333d3n9-8g-
2026-07-01,ram,84471,"Memória RAM Corsair Vengeance LPX, 8GB, 2400MHz, DDR4, CL16, Preto - CMK8GX4M1A2400C16",0.0,646.94,549.9,15,5,1047,True,Corsair,Hardware/Memória RAM/DDR 4,1 ano de garantia (3 meses de garantia legal + 9 meses de garantia contratual junto ao fabricante),False,https://www.kabum.com.br/produto/84471/memoria-ram-corsair-vengeance-lpx-8gb-2400mhz-ddr4-cl16-preto-cmk8gx4m1a2400c16
2026-07-01,ram,996479,"Memória RAM Husky Impulse, RGB, 16GB, 3200MHz, DDR4, CL22, Preto - HRM002163222RGB",1366.66,1366.66,1229.99,10,0,0,True,Husky,Hardware/Memória RAM/DDR 4/3200MHz,1 ano de garantia (3 meses de garantia legal + 9 meses de garantia contratual junto ao fabricante),False,https://www.kabum.com.br/produto/996479/memoria-ram-husky-impulse-rgb-16gb-3200mhz-ddr4-cl22-preto-hrm002163222rgb
2026-07-01,ram,1045174,Memoria Ram Para Notebook Fnx So-dimm 8GB 5600mhz Ddr5 Cl40 Fnx56s46bs8-8g,0.0,699.0,699.0,0,0,0,True,Fnx,Hardware/Memória RAM/DDR 5/5600MHz,Sem Garantia,False,https://www.kabum.com.br/produto/1045174/memoria-ram-para-notebook-fnx-so-dimm-8gb-5600mhz-ddr5-cl40-fnx56s46bs8-8g
2026-07-01,ram,513723,"Memória RAM Gamer Rise Mode Aura, RGB, 32GB (2x16GB), 3200MHz, DDR4, CL19, Branco - RM-D4AW-32G-3200ARGB",0.0,2152.82,1829.9,15,4,53,True,Rise Mode,Hardware/Memória RAM/DDR 4/3200MHz,1 ano de garantia (3 meses de garantia legal + 9 meses de garantia contratual junto ao fabricante),False,https://www.kabum.com.br/produto/513723/memoria-ram-gamer-rise-mode-aura-rgb-32gb-2x16gb-3200mhz-ddr4-cl19-branco-rm-d4aw-32g-3200argb
2026-07-01,ram,988585,"Memória RAM Corsair Vengeance, 32GB (2x16GB), 6000MHz, DDR5, CL38, Intel XMP, Preto - CMK32GX5M2B6000C38",5822.11,5822.11,5239.9,10,0,0,True,Corsair,Hardware/Memória RAM/DDR 5/6000MHz,10 anos de garantia (3 meses de garantia legal + 117 meses de garantia contratual junto ao fabricante),False,https://www.kabum.com.br/produto/988585/memoria-ram-corsair-vengeance-32gb-2x16gb-6000mhz-ddr5-cl38-intel-xmp-preto-cmk32gx5m2b6000c38
2026-07-01,ram,313833,"Memória Kingston Fury Beast 8GB, 3200MHz, DDR4, CL16, Preto - KF432C16BB/8",0.0,629.9,579.51,8,5,15,True,Kingston,Hardware/Memória RAM/DDR 4,Sem Garantia,True,https://www.kabum.com.br/produto/313833/memoria-kingston-fury-beast-8gb-3200mhz-ddr4-cl16-preto-kf432c16bb-8
2026-07-01,ram,1036732,Memoria Ram Para Notebook Fnx So-dimm 8GB 4800mhz Ddr5 Cl40 Fnx488ss8-8g,0.0,699.0,699.0,0,0,0,True,Fnx,Hardware/Memória RAM/DDR 5/4800MHz,Sem Garantia,False,https://www.kabum.com.br/produto/1036732/memoria-ram-para-notebook-fnx-so-dimm-8gb-4800mhz-ddr5-cl40-fnx488ss8-8g
2026-07-01,ram,677479,"Memória RAM XPG Lancer Blade, 16GB, DDR5, 6000MHz, Single Tray, CL48, Branco - AX5U6000C4816G-SLABWH",0.0,2141.06,1819.9,15,5,1,True,XPG,Hardware/Memória RAM/DDR 5,1 ano de garantia (3 meses de garantia legal + 9 meses de garantia contratual junto ao fabricante),False,https://www.kabum.com.br/produto/677479/memoria-ram-xpg-lancer-blade-16gb-ddr5-6000mhz-single-tray-cl48-branco-ax5u6000c4816g-slabwh
2026-07-01,ram,1040018,Memória RAM 8GB DDR4 2666MHz DIMM Desktop Knup KP-HD817,0.0,479.9,455.91,5,0,0,True,Knup,Hardware/Memória RAM/DDR 4/2666MHz,Sem Garantia,False,https://www.kabum.com.br/produto/1040018/memoria-ram-8gb-ddr4-2666mhz-dimm-desktop-knup-kp-hd817
2026-07-01,ram,564677,Memória Ram Macrovip Ddr3 8GB 1600mhz,0.0,130.45,114.8,12,0,0,True,MACROVIP,Hardware/Memória RAM/DDR 3/1600 Mhz PC12800,Sem Garantia,False,https://www.kabum.com.br/produto/564677/memoria-ram-macrovip-ddr3-8gb-1600mhz
2026-07-01,ram,252172,Memoria   8gb P/ Notebook Kingston Ddr4 2400mhz Kvr24s17s8/8,0.0,393.79,366.22,7,0,0,True,Kingston,Hardware/Memória RAM/DDR 4,Sem Garantia,False,https://www.kabum.com.br/produto/252172/memoria-8gb-p-notebook-kingston-ddr4-2400mhz-kvr24s17s8-8
2026-07-01,ram,474937,"Memória RAM Adata XPG, 8GB, 2666MHz, DDR4, CL19, Verde - AD4U26668G19-SGN",0.0,552.82,469.9,15,5,15,True,Adata,Hardware/Memória RAM/DDR 4,10 anos de garantia (3 meses de garantia legal + 117 meses de garantia contratual junto ao fabricante),False,https://www.kabum.com.br/produto/474937/memoria-ram-adata-xpg-8gb-2666mhz-ddr4-cl19-verde-ad4u26668g19-sgn
2026-07-01,ram,286773,"Memória RAM Corsair Vengeance, 32GB (2x16GB), 5200MHz, DDR5, CL40, para Intel XMP, Preto - CMK32GX5M2B5200C40",4244.69,4244.69,3607.99,15,5,67,True,Corsair,Hardware/Memória RAM/DDR 5,2 anos de garantia (3 meses de garantia legal + 21 meses de garantia contratual junto ao fabricante),False,https://www.kabum.com.br/produto/286773/memoria-ram-corsair-vengeance-32gb-2x16gb-5200mhz-ddr5-cl40-para-intel-xmp-preto-cmk32gx5m2b5200c40
2026-07-01,ram,382749,"Memória RAM Corsair Vengeance RGB RS, 32GB (2x16GB), 3200MHz, DDR4, CL16, Preto - CMG32GX4M2E3200C16",0.0,2767.05,2351.99,15,5,115,True,Corsair,Hardware/Memória RAM/DDR 4/3200MHz,10 anos de garantia (3 meses de garantia legal + 117 meses de garantia contratual junto ao fabricante),False,https://www.kabum.com.br/produto/382749/memoria-ram-corsair-vengeance-rgb-rs-32gb-2x16gb-3200mhz-ddr4-cl16-preto-cmg32gx4m2e3200c16
2026-07-01,ram,232159,"Memória RAM para Notebook Kingston, 8GB, 2666MHz, DDR4 - KVR26S19S8/8",0.0,393.79,366.22,7,5,1,True,Kingston,Hardware/Memória RAM/DDR 4,Sem Garantia,False,https://www.kabum.com.br/produto/232159/memoria-ram-para-notebook-kingston-8gb-2666mhz-ddr4-kvr26s19s8-8
2026-07-01,ram,427595,"Memória RAM para Notebook Kingston Fury Impact, 16GB, 5600MHz, DDR5, CL40, Preto - KF556S40IB-16",0.0,1976.35,1679.9,15,5,42,True,Kingston,Hardware/Memória RAM/DDR 5,10 anos de garantia (3 meses de garantia legal + 117 meses de garantia contratual junto ao fabricante),False,https://www.kabum.com.br/produto/427595/memoria-ram-para-notebook-kingston-fury-impact-16gb-5600mhz-ddr5-cl40-preto-kf556s40ib-16
2026-07-01,ram,548922,"Memoria Kingston, 8GB, 1333Mhz, DDR3, Para Notebook - Kvr1333d3s9/8g",0.0,141.49,131.59,7,5,2,True,Kingston,Hardware/Memória RAM/DDR 3,Sem Garantia,False,https://www.kabum.com.br/produto/548922/memoria-kingston-8gb-1333mhz-ddr3-para-notebook-kvr1333d3s9-8g
2026-07-01,ram,708332,"Memória RAM Kingston Fury Beast, 16GB, 5600MT/s, DDR5, CL36, DIMM, Preto, EXPO - KF556C36BBE-16",2352.93,2352.93,1999.99,15,5,11,True,Kingston,Hardware/Memória RAM/DDR 5/5600MHz,10 anos de garantia (3 meses de garantia legal + 117 meses de garantia contratual junto ao fabricante),False,https://www.kabum.com.br/produto/708332/memoria-ram-kingston-fury-beast-16gb-5600mt-s-ddr5-cl36-dimm-preto-expo-kf556c36bbe-16
2026-07-01,ram,1042513,"Memoria Ram Para Notebook Kingston 16gb, 2666mhz, Ddr4 - Kvr26s19s8/16",0.0,599.0,599.0,0,0,0,True,Kingston,Hardware/Memória RAM/DDR 4/2666MHz,Sem Garantia,False,https://www.kabum.com.br/produto/1042513/memoria-ram-para-notebook-kingston-16gb-2666mhz-ddr4-kvr26s19s8-16
2026-07-01,ram,922206,"Memória RAM Corsair Vengeance, 32GB (2x16GB), 6000MHz, DDR5, CL40, Preta - CMK32GX5M2B6000C40",0.0,4288.22,3644.99,15,5,22,True,Corsair,Hardware/Memória RAM/DDR 5/6000MHz,10 anos de garantia (3 meses de garantia legal + 117 meses de garantia contratual junto ao fabricante),False,https://www.kabum.com.br/produto/922206/memoria-ram-corsair-vengeance-32gb-2x16gb-6000mhz-ddr5-cl40-preta-cmk32gx5m2b6000c40
2026-07-01,ram,528842,"Memória RAM Para Notebook Adata XPG, 8GB, 5600MHz, DDR5, CL46 - AD5S56008G-S",1199.88,1199.88,1019.9,15,5,8,True,Adata,Hardware/Memória RAM/DDR 5,10 anos de garantia (3 meses de garantia legal + 117 meses de garantia contratual junto ao fabricante),False,https://www.kabum.com.br/produto/528842/memoria-ram-para-notebook-adata-xpg-8gb-5600mhz-ddr5-cl46-ad5s56008g-s
2026-07-01,ram,388089,"Memória RAM Kingston Fury Beast RGB, 32GB (2x16GB), 5600MHz, DDR5, CL40, para Intel XMP, Preto - KF556C40BBAK2-32",4576.35,4576.35,3889.9,15,5,13,True,Kingston,Hardware/Memória RAM/DDR 5,10 anos de garantia (3 meses de garantia legal + 117 meses de garantia contratual junto ao fabricante),False,https://www.kabum.com.br/produto/388089/memoria-ram-kingston-fury-beast-rgb-32gb-2x16gb-5600mhz-ddr5-cl40-para-intel-xmp-preto-kf556c40bbak2-32
2026-07-01,ram,448301,"Memória RAM Kingston Fury Beast, RGB, 16GB, 5600MHz, DDR5, CL36, Branco - KF556C36BWEA-16",2364.59,2364.59,2009.9,15,5,13,True,Kingston,Hardware/Memória RAM/DDR 5,10 anos de garantia (3 meses de garantia legal + 117 meses de garantia contratual junto ao fabricante),False,https://www.kabum.com.br/produto/448301/memoria-ram-kingston-fury-beast-rgb-16gb-5600mhz-ddr5-cl36-branco-kf556c36bwea-16
2026-07-01,ram,175054,"Memória RAM Rise Mode, 8GB, 1600MHz, DDR3, CL11 - RM-D3-8G1600V",174.66,174.66,155.45,11,0,0,True,Rise Mode,Hardware/Memória RAM/DDR 3,Sem Garantia,False,https://www.kabum.com.br/produto/175054/memoria-rise-mode-8gb-1600mhz-ddr3
2026-07-01,ram,528844,"Memória Para Notebook Adata XPG, 16GB, 3200MHz, DDR4, CL22 - AD4S320016G22-SGN",1352.93,1352.93,1149.99,15,5,26,True,Adata,Hardware/Memória RAM/DDR 4,10 anos de garantia (3 meses de garantia legal + 117 meses de garantia contratual junto ao fabricante),False,https://www.kabum.com.br/produto/528844/memoria-para-notebook-adata-xpg-16gb-3200mhz-ddr4-cl22-ad4s320016g22-sgn
2026-07-01,ram,583185,"Memória RAM Corsair Vengeance RGB, 32GB (2x16GB), 5200MHz, DDR5, CL40, Branco - CMH32GX5M2B5200C40W",0.0,4541.06,3859.9,15,5,12,True,Corsair,Hardware/Memória RAM/DDR 5,10 anos de garantia (3 meses de garantia legal + 117 meses de garantia contratual junto ao fabricante),False,https://www.kabum.com.br/produto/583185/memoria-ram-corsair-vengeance-rgb-32gb-2x16gb-5200mhz-ddr5-cl40-branco-cmh32gx5m2b5200c40w
2026-07-01,ram,385267,"Memória RAM Corsair Vengeance para AMD, 32GB (2x16GB), 5600MHz, DDR5, CL36, Preto - CMK32GX5M2B5600Z36",0.0,4023.41,3419.9,15,5,8,True,Corsair,Hardware/Memória RAM/DDR 5,1 ano de garantia (3 meses de garantia legal + 9 meses de garantia contratual junto ao fabricante),False,https://www.kabum.com.br/produto/385267/memoria-ram-corsair-vengeance-para-amd-32gb-2x16gb-5600mhz-ddr5-cl36-preto-cmk32gx5m2b5600z36
2026-07-01,ram,583184,"Memória RAM Corsair Vengeance RGB, 32GB (2x16GB), 5200MHz, DDR5, CL40, Preto - CMH32GX5M2B5200C40",5058.81,5058.81,4299.99,15,5,19,True,Corsair,Hardware/Memória RAM/DDR 5,10 anos de garantia (3 meses de garantia legal + 117 meses de garantia contratual junto ao fabricante),False,https://www.kabum.com.br/produto/583184/memoria-ram-corsair-vengeance-rgb-32gb-2x16gb-5200mhz-ddr5-cl40-preto-cmh32gx5m2b5200c40
2026-07-01,ram,89621,"Memória RAM Corsair Vengeance LPX, 16GB, 2400MHz, DDR4, CL16, Preto - CMK16GX4M1A2400C16",1336.46,1336.46,1135.99,15,5,96,True,Corsair,Hardware/Memória RAM/DDR 4/2400MHz,10 anos de garantia (3 meses de garantia legal + 117 meses de garantia contratual junto ao fabricante),False,https://www.kabum.com.br/produto/89621/memoria-ram-corsair-vengeance-lpx-16gb-2400mhz-ddr4-cl16-preto-cmk16gx4m1a2400c16
2026-07-01,ram,677474,"Memória RAM XPG Lancer Blade, 32GB(2x16GB), RGB, DDR5, 6000MHz, Dual Tray, CL48, Preto - AX5U6000C4816G-DTLABRBK",0.0,3941.16,3349.99,15,0,0,True,XPG,Hardware/Memória RAM/DDR 5,1 ano de garantia (3 meses de garantia legal + 9 meses de garantia contratual junto ao fabricante),False,https://www.kabum.com.br/produto/677474/memoria-ram-xpg-lancer-blade-32gb-2x16gb-rgb-ddr5-6000mhz-dual-tray-cl48-preto-ax5u6000c4816g-dtlabrbk
2026-07-01,ram,472099,"Memória Keepdata, 8GB, 2400MHz, DDR4, Para Desktop - Kd24n17/8g",0.0,784.0,784.0,0,0,0,True,KEEPDATA,Hardware/Memória RAM/DDR 4,Sem Garantia,False,https://www.kabum.com.br/produto/472099/memoria-keepdata-8gb-2400mhz-ddr4-para-desktop-kd24n17-8g
2026-07-01,ram,1046587,Memoria Para Desktop Ddr3 8GB 1600mhz 1xr8 PC3-12800 Cl11 1.5v S32856-c,0.0,199.0,199.0,0,0,0,True,Outros,Hardware/Memória RAM/DDR 3/1600 Mhz PC12800,Sem Garantia,False,https://www.kabum.com.br/produto/1046587/memoria-para-desktop-ddr3-8gb-1600mhz-1xr8-pc3-12800-cl11-1-5v-s32856-c
2026-07-01,ram,1036694,Memoria Ram Para Notebook Kingston Valueram So-dimm 8GB 2666mhz Ddr4 Cl19 Kvr26s19s8-8,0.0,499.0,499.0,0,0,0,True,Kingston,Hardware/Memória RAM/DDR 4/2666MHz,Sem Garantia,False,https://www.kabum.com.br/produto/1036694/memoria-ram-para-notebook-kingston-valueram-so-dimm-8gb-2666mhz-ddr4-cl19-kvr26s19s8-8
2026-07-01,ram,921678,"Memoria RAM Adata, 32GB (1x32GB), DDR5, 4800MHz, C40 - AD5U480032G-S",3977.26,3977.26,3499.99,12,0,0,True,XPG,Hardware/Memória RAM/DDR 5/4800MHz,10 anos de garantia (3 meses de garantia legal + 117 meses de garantia contratual junto ao fabricante),False,https://www.kabum.com.br/produto/921678/memoria-ram-adata-32gb-1x32gb-ddr5-4800mhz-c40-ad5u480032g-s
2026-07-01,ram,708328,"Memória RAM Kingston Fury Beast, 32GB 5600MHz DDR5 CL40, DIMM, Preto - KF556C40BB-32",4694.0,4694.0,3989.9,15,5,1,True,Kingston,Hardware/Memória RAM/DDR 5/5600MHz,10 anos de garantia (3 meses de garantia legal + 117 meses de garantia contratual junto ao fabricante),False,https://www.kabum.com.br/produto/708328/memoria-ram-kingston-fury-beast-32gb-5600mhz-ddr5-cl40-dimm-preto-kf556c40bb-32
2026-07-01,ram,378307,"Memória Ram Para Notebook Kingston Fury Impact, 16GB, 3200Mhz, DDR4, CL20, Sodimm, Preto - Kf432s20ib/16",0.0,999.9,919.91,8,5,5,True,Kingston,Hardware/Memória RAM/DDR 4/3200MHz,Sem Garantia,True,https://www.kabum.com.br/produto/378307/memoria-ram-para-notebook-kingston-fury-impact-16gb-3200mhz-ddr4-cl20-sodimm-preto-kf432s20ib-16
2026-07-01,ram,988583,"Memória RAM Corsair Vengeance, RGB, 32GB (2x16GB), 6000MHz, DDR5, CL38, Intel XMP, Preto - CMH32GX5M2B6000C38",6222.21,6222.21,5599.99,10,0,0,True,Corsair,Hardware/Memória RAM/DDR 5/6000MHz,10 anos de garantia (3 meses de garantia legal + 117 meses de garantia contratual junto ao fabricante),False,https://www.kabum.com.br/produto/988583/memoria-ram-corsair-vengeance-rgb-32gb-2x16gb-6000mhz-ddr5-cl38-intel-xmp-preto-cmh32gx5m2b6000c38
2026-07-01,ram,528850,"Memória RAM Para Notebook Adata XPG, 32GB, 5600MHz, DDR5, CL46 - AD5S560032G-S",3999.88,3999.88,3399.9,15,5,8,True,Adata,Hardware/Memória RAM/DDR 5,10 anos de garantia (3 meses de garantia legal + 117 meses de garantia contratual junto ao fabricante),False,https://www.kabum.com.br/produto/528850/memoria-ram-para-notebook-adata-xpg-32gb-5600mhz-ddr5-cl46-ad5s560032g-s
2026-07-01,ram,110769,"Memória RAM Corsair Vengeance LPX 16GB (2x8GB), 2400Mhz, DDR4 CL16 Black - CMK16GX4M2A2400C16",1436.46,1436.46,1220.99,15,5,44,True,Corsair,Hardware/Memória RAM/DDR 4/2400MHz,10 anos de garantia (3 meses de garantia legal + 117 meses de garantia contratual junto ao fabricante),False,https://www.kabum.com.br/produto/110769/memoria-ram-corsair-vengeance-lpx-16gb-2x8gb-2400mhz-ddr4-cl16-black-cmk16gx4m2a2400c16
2026-07-01,ram,694594,Memoria 16gb Ddr5 6000 Cl36 1.35v Fury Beast Preto  Kf560c36bbe2-16 Kingston,0.0,1987.64,1987.64,0,0,0,True,Kingston,Hardware/Memória RAM/DDR 5/6000MHz,Sem Garantia,False,https://www.kabum.com.br/produto/694594/memoria-16gb-ddr5-6000-cl36-1-35v-fury-beast-preto-kf560c36bbe2-16-kingston
2026-07-01,ram,616576,"Memória RAM Kingston Fury Beast Expo, 32GB (2X16GB), 6000MT/s, DDR5, DIMM, CL30, Branco - KF560C30BWEK2-32",0.0,4482.24,3809.9,15,5,8,True,Kingston,Hardware/Memória RAM/DDR 5,10 anos de garantia (3 meses de garantia legal + 117 meses de garantia contratual junto ao fabricante),False,https://www.kabum.com.br/produto/616576/memoria-ram-kingston-fury-beast-expo-32gb-2x16gb-6000mt-s-ddr5-dimm-cl30-branco-kf560c30bwek2-32
2026-07-01,ram,526515,"Memória RAM XPG Lancer, RGB, 16GB, 6000MHz, DDR5, CL30, Preto - AX5U6000C3016G-CLARBK",3058.81,3058.81,2599.99,15,5,23,True,XPG,Hardware/Memória RAM/DDR 5,10 anos de garantia (3 meses de garantia legal + 117 meses de garantia contratual junto ao fabricante),False,https://www.kabum.com.br/produto/526515/memoria-ram-xpg-lancer-rgb-16gb-6000mhz-ddr5-cl30-preto-ax5u6000c3016g-clarbk
2026-07-01,ram,528845,"Memória RAM Para Notebook Adata XPG, 16GB, 4800MHz, DDR5, CL42 - AD5S480016G-S",0.0,2094.0,1779.9,15,5,26,True,Adata,Hardware/Memória RAM/DDR 5,10 anos de garantia (3 meses de garantia legal + 117 meses de garantia contratual junto ao fabricante),False,https://www.kabum.com.br/produto/528845/memoria-ram-para-notebook-adata-xpg-16gb-4800mhz-ddr5-cl42-ad5s480016g-s
2026-07-01,ram,503019,"Memória RAM Kingston Fury Renegade RGB, 96GB (2x48GB), 6000MHz, DDR5, CL32, XMP, Prata  - KF560C32RSAK2-96",0.0,13521.18,11493.0,15,5,1,True,Kingston,Hardware/Memória RAM/DDR 5,10 anos de garantia (3 meses de garantia legal + 117 meses de garantia contratual junto ao fabricante),False,https://www.kabum.com.br/produto/503019/memoria-ram-kingston-fury-renegade-rgb-96gb-2x48gb-6000mhz-ddr5-cl32-xmp-prata-kf560c32rsak2-96
2026-07-01,ram,526369,"Memória RAM Corsair Dominator Platinum, RGB, 32GB (2x16GB), 6000MHz, DDR5, CL36, para Intel XMP, Preto - CMT32GX5M2E6000C36",0.0,4677.64,3975.99,15,5,3,True,Corsair,Hardware/Memória RAM/DDR 5,10 anos de garantia (3 meses de garantia legal + 117 meses de garantia contratual junto ao fabricante),False,https://www.kabum.com.br/produto/526369/memoria-ram-corsair-dominator-platinum-rgb-32gb-2x16gb-6000mhz-ddr5-cl36-para-intel-xmp-preto-cmt32gx5m2e6000c36
2026-07-01,ram,388091,"Memória RAM Kingston Fury Beast RGB, 64GB (2x32GB), 5600MHz, DDR5, CL40, para Intel XMP, Preto - KF556C40BBAK2-64",0.0,9905.76,8419.9,15,5,1,True,Kingston,Hardware/Memória RAM/DDR 5,10 anos de garantia (3 meses de garantia legal + 117 meses de garantia contratual junto ao fabricante),False,https://www.kabum.com.br/produto/388091/memoria-ram-kingston-fury-beast-rgb-64gb-2x32gb-5600mhz-ddr5-cl40-para-intel-xmp-preto-kf556c40bbak2-64
2026-07-01,ram,382771,"Memória RAM Corsair Vengeance RGB, 32GB (2x16GB), 6200MHz, DDR5, CL36, Preto - CMH32GX5M2B6200C36",6141.17,6141.17,5219.99,15,5,59,True,Corsair,Hardware/Memória RAM/DDR 5/6200MHz,10 anos de garantia (3 meses de garantia legal + 117 meses de garantia contratual junto ao fabricante),False,https://www.kabum.com.br/produto/382771/memoria-ram-corsair-vengeance-rgb-32gb-2x16gb-6200mhz-ddr5-cl36-preto-cmh32gx5m2b6200c36
2026-07-01,ram,385268,"Memória RAM Corsair Vengeance para AMD, 64GB (2x32GB), 5200MHz, DDR5, CL40, Preto - CMK64GX5M2B5200Z40",8941.06,8941.06,7599.9,15,5,19,True,Corsair,Hardware/Memória RAM/DDR 5,10 anos de garantia (3 meses de garantia legal + 117 meses de garantia contratual junto ao fabricante),False,https://www.kabum.com.br/produto/385268/memoria-ram-corsair-vengeance-para-amd-64gb-2x32gb-5200mhz-ddr5-cl40-preto-cmk64gx5m2b5200z40
2026-07-01,ram,677480,"Memória RAM XPG Lancer Blade, 32GB(2x16GB), DDR5, 6000MHz, Dual Tray, CL48, Branco - AX5U6000C4816G-DTLABWH",0.0,3882.34,3299.99,15,5,1,True,XPG,Hardware/Memória RAM/DDR 5,1 ano de garantia (3 meses de garantia legal + 9 meses de garantia contratual junto ao fabricante),False,https://www.kabum.com.br/produto/677480/memoria-ram-xpg-lancer-blade-32gb-2x16gb-ddr5-6000mhz-dual-tray-cl48-branco-ax5u6000c4816g-dtlabwh
2026-07-01,ram,172372,"Memória RAM Kingston Fury Beast, 16GB, 3600MHz, DDR4, CL18, Preto - KF436C18BB/16",0.0,1458.71,1239.9,15,5,38,True,Kingston,Hardware/Memória RAM/DDR 4,10 anos de garantia (3 meses de garantia legal + 117 meses de garantia contratual junto ao fabricante),False,https://www.kabum.com.br/produto/172372/memoria-ram-kingston-fury-beast-16gb-3600mhz-ddr4-cl18-preto-kf436c18bb-16
2026-07-01,ram,97099,"Memória RAM Corsair Vengeance RGB Pro, 16GB (2x8GB), 2666MHz, DDR4, CL16, Preto - CMW16GX4M2A2666C16",1561.16,1561.16,1326.99,15,5,91,True,Corsair,Hardware/Memória RAM/DDR 4,1 ano de garantia (3 meses de garantia legal + 9 meses de garantia contratual junto ao fabricante),False,https://www.kabum.com.br/produto/97099/memoria-ram-corsair-vengeance-rgb-pro-16gb-2x8gb-2666mhz-ddr4-cl16-preto-cmw16gx4m2a2666c16
2026-07-01,ram,448302,"Memória RAM Kingston Fury Beast, RGB, 32GB (2x16GB), 5600MHz, DDR5, CL36, Branco - KF556C36BWEAK2-32",5058.81,5058.81,4299.99,15,5,36,True,Kingston,Hardware/Memória RAM/DDR 5,10 anos de garantia (3 meses de garantia legal + 117 meses de garantia contratual junto ao fabricante),False,https://www.kabum.com.br/produto/448302/memoria-ram-kingston-fury-beast-rgb-32gb-2x16gb-5600mhz-ddr5-cl36-branco-kf556c36bweak2-32
2026-07-01,ram,422344,"Memória RAM Corsair Vengeance, RGB, 64GB (2X32GB), 5600MHz, DDR5, CL40 Preto - CMH64GX5M2B5600Z40K",0.0,10247.05,8709.99,15,5,14,True,Corsair,Hardware/Memória RAM/DDR 5,1 ano de garantia (3 meses de garantia legal + 9 meses de garantia contratual junto ao fabricante),False,https://www.kabum.com.br/produto/422344/memoria-ram-corsair-vengeance-rgb-64gb-2x32gb-5600mhz-ddr5-cl40-preto-cmh64gx5m2b5600z40k
2026-07-01,ram,110815,"Memória RAM Corsair Vengeance LPX, 32GB (2x16GB), 2666MHz, DDR4, CL16, Preto - CMK32GX4M2A2666C16",2650.58,2650.58,2252.99,15,5,72,True,Corsair,Hardware/Memória RAM/DDR 4,1 ano de garantia (3 meses de garantia legal + 9 meses de garantia contratual junto ao fabricante),False,https://www.kabum.com.br/produto/110815/memoria-ram-corsair-vengeance-lpx-32gb-2x16gb-2666mhz-ddr4-cl16-preto-cmk32gx4m2a2666c16
2026-07-01,ram,480535,"Memória RAM Kingston Fury Beast, RGB, 32GB, 3200MHz, DDR4, CL16, Preto - KF432C16BB2A/32",0.0,2835.18,2409.9,15,5,5,True,Kingston,Hardware/Memória RAM/DDR 4,10 anos de garantia (3 meses de garantia legal + 117 meses de garantia contratual junto ao fabricante),False,https://www.kabum.com.br/produto/480535/memoria-ram-kingston-fury-beast-rgb-32gb-3200mhz-ddr4-cl16-preto-kf432c16bb2a-32
2026-07-01,ram,689593,Memoria 16gb Ddr5 5600 Cl46 1.1v 1rx8 Kvr56u46bs8-16 Kingston,1762.48,1762.48,1586.23,10,0,0,True,Kingston,Hardware/Memória RAM/DDR 5,Sem Garantia,True,https://www.kabum.com.br/produto/689593/memoria-16gb-kingston-kvr56u46bs8-16-5600mhz-ddr5-desktop
2026-07-01,ram,156621,"Memória RAM XPG Spectrix D50 RGB, 32GB (2x16GB), 3200MHz, DDR4, CL16, Branco - AX4U320016G16A-DW50",2831.75,2831.75,2406.99,15,5,29,True,XPG,Hardware/Memória RAM/DDR 4,10 anos de garantia (3 meses de garantia legal + 117 meses de garantia contratual junto ao fabricante),False,https://www.kabum.com.br/produto/156621/memoria-ram-xpg-spectrix-d50-rgb-32gb-2x16gb-3200mhz-ddr4-cl16-branco-ax4u320016g16a-dw50
2026-07-01,ram,538774,"Memória RAM Rise Mode, ARGB, 32GB (2x 16GB), 6000Mhz, DDR5, CL48, Zeus Series Preto - RM-D5-2X16G-6000ZE-ARGB-B",4458.71,4458.71,3789.9,15,5,9,True,Rise Mode,Hardware/Memória RAM/DDR 5/6000MHz,1 ano de garantia (3 meses de garantia legal + 9 meses de garantia contratual junto ao fabricante),False,https://www.kabum.com.br/produto/538774/memoria-ram-rise-mode-argb-32gb-2x-16gb-6000mhz-ddr5-cl48-zeus-series-preto-rm-d5-2x16g-6000ze-argb-b
2026-07-01,ram,382752,"Memória RAM Corsair Vengeance RGB PRO SL, 16GB (2x8GB), 3200MHz, DDR4, CL16, Preto - CMH16GX4M2E3200C16",0.0,1846.94,1569.9,15,5,21,True,Corsair,Hardware/Memória RAM/DDR 4/3200MHz,10 anos de garantia (3 meses de garantia legal + 117 meses de garantia contratual junto ao fabricante),False,https://www.kabum.com.br/produto/382752/memoria-ram-corsair-vengeance-rgb-pro-sl-16gb-2x8gb-3200mhz-ddr4-cl16-preto-cmh16gx4m2e3200c16
2026-07-01,ram,893031,"Memória RAM Husky Impulse 16GB, 6000MHz, DDR5, CL48, Preto - HRM166049PT",0.0,2058.81,1749.99,15,5,7,True,Husky,Hardware/Memória RAM/DDR 5/6000MHz,1 ano de garantia (3 meses de garantia legal + 9 meses de garantia contratual junto ao fabricante),False,https://www.kabum.com.br/produto/893031/memoria-ram-husky-impulse-16gb-6000mhz-ddr5-cl48-preto-hrm166049pt
2026-07-01,ram,707792,Memória Gamer Ddr4 16gb 3200 Mhz Desktop Dale7 No Limits Cor:vermelho,0.0,714.89,714.89,0,0,0,True,Outros,Hardware/Memória RAM/DDR 4/3200MHz,Sem Garantia,False,https://www.kabum.com.br/produto/707792/memoria-gamer-ddr4-16gb-3200-mhz-desktop-dale7-no-limits-cor-vermelho
2026-07-01,ram,908964,Memória Gamer Rise Mode Value 8GB DDR3L 1600MHz - RM-D3-8G1600VL,168.91,168.91,145.26,14,5,1,True,Rise Mode,Hardware/Memória RAM/DDR 3,Sem Garantia,False,https://www.kabum.com.br/produto/908964/memoria-gamer-rise-mode-value-8gb-ddr3l-1600mhz-rm-d3-8g1600vl
2026-07-01,ram,1036702,Memoria Ram Para Notebook Kingston Valueram So-dimm 8GB 3200mhz Ddr4 Cl22 Kvr32s22s8-8,0.0,599.0,599.0,0,0,0,True,Kingston,Hardware/Memória RAM/DDR 4/3200MHz,Sem Garantia,False,https://www.kabum.com.br/produto/1036702/memoria-ram-para-notebook-kingston-valueram-so-dimm-8gb-3200mhz-ddr4-cl22-kvr32s22s8-8
2026-07-01,ram,1036258,"Memória Ram Kingston 8GB, 1600mhz, Ddr3, Notebook, Cl11",0.0,179.9,165.51,8,0,0,True,Kingston,Hardware/Memória RAM/DDR 3/1600 Mhz PC12800,Sem Garantia,True,https://www.kabum.com.br/produto/1036258/memoria-ram-kingston-8gb-1600mhz-ddr3-notebook-cl11
2026-07-01,ram,616592,"Memória RAM Kingston Fury Beast Expo, 32GB (2X16GB), 6400MT/s DDR5, DIMM, CL32, Branco - KF564C32BWEK2-32",4905.76,4905.76,4169.9,15,5,3,True,Kingston,Hardware/Memória RAM/DDR 5,10 anos de garantia (3 meses de garantia legal + 117 meses de garantia contratual junto ao fabricante),False,https://www.kabum.com.br/produto/616592/memoria-ram-kingston-fury-beast-expo-32gb-2x16gb-6400mt-s-ddr5-dimm-cl32-branco-kf564c32bwek2-32
2026-07-01,ram,708331,"Memória RAM Kingston Fury Beast, 32GB, 5600MT/s, DDR5, CL36, DIMM, Preto, EXPO - KF556C36BBE-32",0.0,3999.88,3399.9,15,5,4,True,Kingston,Hardware/Memória RAM/DDR 5/5600MHz,10 anos de garantia (3 meses de garantia legal + 117 meses de garantia contratual junto ao fabricante),False,https://www.kabum.com.br/produto/708331/memoria-ram-kingston-fury-beast-32gb-5600mt-s-ddr5-cl36-dimm-preto-expo-kf556c36bbe-32
2026-07-01,ram,616591,"Memória RAM Kingston Fury Beast Expo, 16GB, 6400MT/s DDR5, DIMM, CL32, Branco - KF564C32BWE-16",0.0,2635.18,2239.9,15,0,0,True,Kingston,Hardware/Memória RAM/DDR 5,10 anos de garantia (3 meses de garantia legal + 117 meses de garantia contratual junto ao fabricante),False,https://www.kabum.com.br/produto/616591/memoria-ram-kingston-fury-beast-expo-16gb-6400mt-s-ddr5-dimm-cl32-branco-kf564c32bwe-16
2026-07-01,ram,312878,"Memória Kingston Fury Beast, 16GB, 5200MHz, DDR5, CL40, Preto - KF552C40BB-16",0.0,2116.5,1862.52,12,5,1,True,Kingston,Hardware/Memória RAM/DDR 5,Sem Garantia,True,https://www.kabum.com.br/produto/312878/memoria-kingston-fury-beast-16gb-5200mhz-ddr5-cl40-preto-kf552c40bb-16
2026-07-01,ram,909100,"Memória RAM Gamer Rise Mode Venon, ARGB, 8GB, 3200Mhz, DDR4, CL19, Preto - RM-D4-8G-3200-RGB",0.0,565.69,543.06,4,0,0,True,Rise Mode,Hardware/Memória RAM/DDR 4,Sem Garantia,False,https://www.kabum.com.br/produto/909100/memoria-ram-gamer-rise-mode-venon-argb-8gb-ddr4-3200mhz-rm-d4-8g-3200-rgb
2026-07-01,ram,460652,Memória Rise Mode Z Series 16GB DDR4 3200Mhz - RM-D4-16G-3200Z,1026.09,1026.09,913.22,11,0,0,True,Rise Mode,Hardware/Memória RAM/DDR 4/3200MHz,Sem Garantia,False,https://www.kabum.com.br/produto/460652/memoria-rise-mode-16gb-ddr4-3200mhz-black
2026-07-01,ram,480539,"Memória RAM Kingston Fury Beast, RGB, 16GB (2x8GB), 3600MHz, DDR4, CL17, Preto - KF436C17BB2AK2/16",2176.35,2176.35,1849.9,15,5,1,True,Kingston,Hardware/Memória RAM/DDR 4,10 anos de garantia (3 meses de garantia legal + 117 meses de garantia contratual junto ao fabricante),False,https://www.kabum.com.br/produto/480539/memoria-ram-kingston-fury-beast-rgb-16gb-2x8gb-3600mhz-ddr4-cl17-preto-kf436c17bb2ak2-16
2026-07-01,ram,101657,"Memória RAM Corsair Vengeance LPX, 16GB, 2666MHz, DDR4, CL16, Preto - CMK16GX4M1A2666C16",0.0,1341.06,1139.9,15,5,75,True,Corsair,Hardware/Memória RAM/DDR 4,1 ano de garantia (3 meses de garantia legal + 9 meses de garantia contratual junto ao fabricante),False,https://www.kabum.com.br/produto/101657/memoria-ram-corsair-vengeance-lpx-16gb-2666mhz-ddr4-cl16-preto-cmk16gx4m1a2666c16
2026-07-01,ram,175183,"Memória  RAM Para Notebook Kingston, 8GB, 1600MHz, DDR3L - KVR16LS11/8",0.0,153.83,146.14,5,5,23,True,Kingston,Hardware/Memória RAM/DDR 3,Sem Garantia,False,https://www.kabum.com.br/produto/175183/memoria-ram-para-notebook-kingston-8gb-1600mhz-ddr3l-kvr16ls11-8
2026-07-01,ram,175110,"Memória Kingston, 8GB, 2666MHz, DDR4, CL19 - KVR26N19S8/8",0.0,435.02,413.27,5,5,5,True,Kingston,Hardware/Memória RAM/DDR 4,Sem Garantia,False,https://www.kabum.com.br/produto/175110/memoria-kingston-8gb-2666mhz-ddr4-cl19-kvr26n19s8-8
2026-07-01,ram,989560,Memória Desktop Adata Xpg 8GB Ddr5 5600mhz - Ad5u56008g-s,0.0,1116.2,1004.58,10,5,2,True,Adata,Hardware/Memória RAM/DDR 5/5600MHz,Sem Garantia,False,https://www.kabum.com.br/produto/989560/memoria-desktop-adata-xpg-8gb-ddr5-5600mhz-ad5u56008g-s
2026-07-01,ram,175083,"Memória RAM Rise Mode, 4GB, 1600MHz, DDR3, CL11 - RM-D3-4G1600V",93.51,93.51,83.22,11,0,0,True,Rise Mode,Hardware/Memória RAM/DDR 3,Sem Garantia,False,https://www.kabum.com.br/produto/175083/memoria-rise-mode-4gb-1600mhz-ddr3
2026-07-01,ram,908997,"Memória RAM Gamer Rise Mode Aura, ARGB, 8GB, 3200MHz, DDR4, CL19, Preto - RM-D4AB-8G-3200ARGB",577.68,577.68,496.8,14,0,0,True,Rise Mode,Hardware/Memória RAM/DDR 4,Sem Garantia,False,https://www.kabum.com.br/produto/908997/memoria-rise-mode-aura-8gb-3200mhz-ddr4-argb-rm-d4ab-8g-3200argb
2026-07-01,ram,507883,"Memória Kingston Fury Beast, 8GB, 3200MHZ, DDR4, RGB, PRETO - KF432C16BB2A/8",0.0,805.0,805.0,0,5,4,True,Kingston,Hardware/Memória RAM/DDR 4/3200MHz,Sem Garantia,False,https://www.kabum.com.br/produto/507883/memoria-kingston-fury-beast-8gb-3200mhz-ddr4-rgb-preto-kf432c16bb2a-8
2026-07-01,ram,89940,"Memória RAM Corsair Vengeance LPX, 8GB, 2666MHz, DDR4, CL16, Preto - CMK8GX4M1A2666C16",0.0,795.18,675.9,15,5,459,True,Corsair,Hardware/Memória RAM/DDR 4,1 ano de garantia (3 meses de garantia legal + 9 meses de garantia contratual junto ao fabricante),False,https://www.kabum.com.br/produto/89940/memoria-ram-corsair-vengeance-lpx-8gb-2666mhz-ddr4-cl16-preto-cmk8gx4m1a2666c16
2026-07-01,ram,630656,"Memória RAM Kingston Fury Beast Expo, RGB, 32GB, 6000MT/s, DDR5, DIMM, CL30, Branco - KF560C30BWEA-32",0.0,4964.59,4219.9,15,5,2,True,Kingston,Hardware/Memória RAM/DDR 5,10 anos de garantia (3 meses de garantia legal + 117 meses de garantia contratual junto ao fabricante),False,https://www.kabum.com.br/produto/630656/memoria-ram-kingston-fury-beast-expo-rgb-32gb-6000mt-s-ddr5-dimm-cl30-branco-kf560c30bwea-32
2026-07-01,ram,427599,"Memória RAM para Notebook Kingston Fury Impact, 32GB, 5600MHz, DDR5, CL40, Preto - KF556S40IB-32",0.0,3670.47,3119.9,15,5,13,True,Kingston,Hardware/Memória RAM/DDR 5,10 anos de garantia (3 meses de garantia legal + 117 meses de garantia contratual junto ao fabricante),False,https://www.kabum.com.br/produto/427599/memoria-ram-para-notebook-kingston-fury-impact-32gb-5600mhz-ddr5-cl40-preto-kf556s40ib-32
2026-07-01,ram,111005,"Memória RAM Corsair Vengeance Pro, RGB, 32GB (2x16GB), 2666MHz, DDR4, CL16, Preto - CMW32GX4M2A2666C16",2798.81,2798.81,2378.99,15,5,59,True,Corsair,Hardware/Memória RAM/DDR 4/2666MHz,1 ano de garantia (3 meses de garantia legal + 9 meses de garantia contratual junto ao fabricante),False,https://www.kabum.com.br/produto/111005/memoria-ram-corsair-vengeance-pro-rgb-32gb-2x16gb-2666mhz-ddr4-cl16-preto-cmw32gx4m2a2666c16
2026-07-01,ram,406693,"Memória Ram Para Notebook Crucial, 16GB, 3200MHz, DDR4 - CT16G4SFRA32A",0.0,949.9,854.91,10,5,4,True,Crucial,Hardware/Memória RAM/DDR 4,Sem Garantia,True,https://www.kabum.com.br/produto/406693/memoria-ram-para-notebook-crucial-16gb-3200mhz-ddr4-ct16g4sfra32a
2026-07-01,ram,1020445,Memória Kingston Fury Beast 16gb Ddr4 3200mhz Cl16 (2x8GB) | Alta Performance Gamer,0.0,1232.5,1109.25,10,0,0,True,Kingston,Hardware/Memória RAM/DDR 4/3200MHz,Sem Garantia,False,https://www.kabum.com.br/produto/1020445/memoria-kingston-fury-beast-16gb-ddr4-3200mhz-cl16-2x8gb-alta-performance-gamer
2026-07-01,ram,110984,"Memória RAM Corsair, 8GB (2x4GB), 1333MHz, DDR3, CL9 - CMV8GX3M2A1333C9",0.0,329.29,279.9,15,5,10,True,Corsair,Hardware/Memória RAM/DDR 3,1 ano de garantia (3 meses de garantia legal + 9 meses de garantia contratual junto ao fabricante),False,https://www.kabum.com.br/produto/110984/memoria-ram-corsair-8gb-2x4gb-1333mhz-ddr3-cl9-cmv8gx3m2a1333c9
2026-07-01,ram,903944,Memoria Notebook   8GB Ddr3l 1600 Cl 11 1.35v Soddim Sgm8gl1600cl11nb Sgmax,0.0,145.8,126.85,13,0,0,True,Outros,Hardware/Memória RAM/DDR 3,Sem Garantia,False,https://www.kabum.com.br/produto/903944/memoria-notebook-8gb-ddr3l-1600-cl-11-1-35v-soddim-sgm8gl1600cl11nb-sgmax
2026-07-01,ram,677476,"Memória RAM XPG Lancer Blade, 32GB(2x16GB), RGB, DDR5, 6000MHz, Dual Tray, CL48, Branco - AX5U6000C4816G-DTLABRWH",0.0,3941.16,3349.99,15,5,1,True,XPG,Hardware/Memória RAM/DDR 5,1 ano de garantia (3 meses de garantia legal + 9 meses de garantia contratual junto ao fabricante),False,https://www.kabum.com.br/produto/677476/memoria-ram-xpg-lancer-blade-32gb-2x16gb-rgb-ddr5-6000mhz-dual-tray-cl48-branco-ax5u6000c4816g-dtlabrwh
2026-07-01,ram,309634,"Memória Kingston, 8GB, 3200MHz, DDR4, CL22 - KVR32N22S8/8",748.75,748.75,636.44,15,4,3,True,Kingston,Hardware/Memória RAM/DDR 4,Sem Garantia,False,https://www.kabum.com.br/produto/309634/memoria-kingston-8gb-3200mhz-ddr4-cl22-kvr32n22s8-8
2026-07-01,ram,338571,"Memória Para Notebook ADATA 8GB, 3200MHz, DDR4, CL22 - AD4S32008G22-SGN",0.0,532.8,479.52,10,5,8,True,Adata,Hardware/Memória RAM/DDR 4/3200MHz,Sem Garantia,True,https://www.kabum.com.br/produto/338571/memoria-para-notebook-adata-8gb-3200mhz-ddr4-cl22-ad4s32008g22-sgn
2026-07-01,ram,532904,"Memoria Kingston, 16GB, 2400MHz, DDR4, P/ Notebook - Kvr24s17d8/16",0.0,690.79,642.43,7,1,1,True,Kingston,Hardware/Memória RAM/DDR 4/2400MHz,Sem Garantia,False,https://www.kabum.com.br/produto/532904/memoria-kingston-16gb-2400mhz-ddr4-p-notebook-kvr24s17d8-16
2026-07-01,ram,349654,"Memória Kingston Fury Beast, 16GB, 5600MHz, DDR5, CL40, Preto - KF556C40BB-16",0.0,1699.9,1699.9,0,5,1,True,Kingston,Hardware/Memória RAM/DDR 5,Sem Garantia,False,https://www.kabum.com.br/produto/349654/memoria-kingston-fury-beast-16gb-5600mhz-ddr5-cl40-preto-kf556c40bb-16
2026-07-01,ram,984742,Memoria 8GB Ddr4 3200mhz Cl16 Kingston Fury Beast Black - Desktop - Kf432c16bb/8wp,0.0,752.15,616.76,18,0,0,True,Kingston,Hardware/Memória RAM/DDR 4/3200MHz,Sem Garantia,True,https://www.kabum.com.br/produto/984742/memoria-8gb-ddr4-3200mhz-cl16-kingston-fury-beast-black-desktop-kf432c16bb-8wp
2026-07-01,ram,1036774,Memoria Ram Para Notebook Fnx So-dimm 32gb 4800mhz Ddr5 Cl22 Fnx548ss8-32g,0.0,1999.0,1999.0,0,0,0,True,Fnx,Hardware/Memória RAM/DDR 5/4800MHz,Sem Garantia,False,https://www.kabum.com.br/produto/1036774/memoria-ram-para-notebook-fnx-so-dimm-32gb-4800mhz-ddr5-cl22-fnx548ss8-32g
2026-07-01,ram,382767,"Memória RAM para Notebook Corsair Vengeance, 8GB, 4800MHz, DDR5, CL40, Preto  - CMSX8GX5M1A4800C40",0.0,1235.18,1049.9,15,5,6,True,Corsair,Hardware/Memória RAM/4800MHz/DDR 5,1 ano de garantia (3 meses de garantia legal + 9 meses de garantia contratual junto ao fabricante),False,https://www.kabum.com.br/produto/382767/memoria-ram-para-notebook-corsair-vengeance-8gb-4800mhz-ddr5-cl40-preto-cmsx8gx5m1a4800c40
2026-07-01,ram,89620,"Memória RAM Corsair Vengeance LPX 16GB, 2400MHz, DDR4, CL14, Preto - CMK16GX4M1A2400C14",0.0,1335.28,1134.99,15,5,24,True,Corsair,Hardware/Memória RAM/DDR 4,1 ano de garantia (3 meses de garantia legal + 9 meses de garantia contratual junto ao fabricante),False,https://www.kabum.com.br/produto/89620/memoria-ram-corsair-vengeance-lpx-16gb-2400mhz-ddr4-cl14-preto-cmk16gx4m1a2400c14
2026-07-01,ram,503018,"Memória RAM Kingston Fury Renegade RGB, 48GB, 6000MHz, DDR5, CL32, XMP,  Prata  - KF560C32RSA-48",0.0,7611.65,6469.9,15,5,2,True,Kingston,Hardware/Memória RAM/DDR 5,10 anos de garantia (3 meses de garantia legal + 117 meses de garantia contratual junto ao fabricante),False,https://www.kabum.com.br/produto/503018/memoria-ram-kingston-fury-renegade-rgb-48gb-6000mhz-ddr5-cl32-xmp-prata-kf560c32rsa-48
2026-07-01,ram,532687,"Memória Dale7, 8GB, 5200Mhz, DDR5, Notebook, 1.1v",0.0,709.89,709.89,0,5,2,True,Outros,Hardware/Memória RAM/DDR 5,Sem Garantia,False,https://www.kabum.com.br/produto/532687/memoria-dale7-8gb-5200mhz-ddr5-notebook-1-1v
2026-07-01,ram,175143,Memória Notebook Rise Mode Value Series 4GB DDR3 1600MHz - RM-D3-4G1600NL,69.41,69.41,59.69,14,0,0,True,Rise Mode,Hardware/Memória RAM/DDR 3,Sem Garantia,False,https://www.kabum.com.br/produto/175143/memoria-rise-mode-4gb-1600mhz-ddr3l-para-notebook-rm-d3-4g1600nl
2026-07-01,ram,276041,"Memória Kingston Fury Beast, RGB, 8GB, 3200MHz, DDR4, CL16 - KF432C16BBA/8",0.0,757.57,681.81,10,5,6,True,Kingston,Hardware/Memória RAM/DDR 4,Sem Garantia,False,https://www.kabum.com.br/produto/276041/memoria-kingston-fury-beast-rgb-8gb-3200mhz-ddr4-cl16-kf432c16bba-8
2026-07-01,ram,156620,"Memória XPG Spectrix D50, 16GB, 3200MHz, DDR4, CL 16, Branco - AX4U320016G16A-SW50",1552.82,1552.82,1319.9,15,5,7,True,XPG,Hardware/Memória RAM/DDR 4,10 anos de garantia (3 meses de garantia legal + 117 meses de garantia contratual junto ao fabricante),False,https://www.kabum.com.br/produto/156620/memoria-xpg-spectrix-d50-16gb-3200mhz-ddr4-cl-16-branco-ax4u320016g16a-sw50
2026-07-01,ram,580130,"Memória RAM Rise Mode Z, 16GB, 3200MHz, DDR4, CL19, Branco - RM-D4-16G-3200ZW",980.46,980.46,843.2,14,5,2,True,Rise Mode,Hardware/Memória RAM/DDR 4,Sem Garantia,False,https://www.kabum.com.br/produto/580130/memoria-rise-mode-z-cl16-ddr4-3200mhz-com-dissipador-branco-rm-d4-16g-3200zw
2026-07-01,ram,955845,Memoria Desk 8GB Ddr4 2666 Brazilpc Bpc2666d4cl19i/8g,0.0,436.99,358.33,18,0,0,True,BRAZILPC,Hardware/Memória RAM/DDR 4/2666MHz,Sem Garantia,True,https://www.kabum.com.br/produto/955845/memoria-desk-8gb-ddr4-2666-brazilpc-bpc2666d4cl19i-8g
2026-07-01,ram,193572,"Memória RAM Kingston Fury Beast, 64GB (2x32GB), 3600MHz, DDR4, CL18, Preto - KF436C18BBK2/64",6246.94,6246.94,5309.9,15,5,4,True,Kingston,Hardware/Memória RAM/DDR 4,10 anos de garantia (3 meses de garantia legal + 117 meses de garantia contratual junto ao fabricante),False,https://www.kabum.com.br/produto/193572/memoria-ram-kingston-fury-beast-64gb-2x32gb-3600mhz-ddr4-cl18-preto-kf436c18bbk2-64
2026-07-01,ram,264719,"Memória RAM Kingston Fury Beast, 32GB (2x16GB), 5200MHz, DDR5, CL40, para Intel XMP, Preto - KF552C40BBK2-32",0.0,3776.35,3209.9,15,5,23,True,Kingston,Hardware/Memória RAM/DDR 5,10 anos de garantia (3 meses de garantia legal + 117 meses de garantia contratual junto ao fabricante),False,https://www.kabum.com.br/produto/264719/memoria-ram-kingston-fury-beast-32gb-2x16gb-5200mhz-ddr5-cl40-para-intel-xmp-preto-kf552c40bbk2-32
2026-07-01,ram,404834,"Memória RAM para Notebook Kingston Fury Impact, 16GB, 4800MHz, DDR5, CL38 - KF548S38IB-16",0.0,1905.76,1619.9,15,5,28,True,Kingston,Hardware/Memória RAM/DDR 5,10 anos de garantia (3 meses de garantia legal + 117 meses de garantia contratual junto ao fabricante),False,https://www.kabum.com.br/produto/404834/memoria-ram-para-notebook-kingston-fury-impact-16gb-4800mhz-ddr5-cl38-kf548s38ib-16
2026-07-01,ram,496109,"Memória RAM Kingston Fury Renegade RGB, 16GB, DDR4, 3200MHz, CL16, Preto - KF432C16RB12A/16",0.0,1929.29,1639.9,15,5,13,True,Kingston,Hardware/Memória RAM/DDR 4/3200MHz,10 anos de garantia (3 meses de garantia legal + 117 meses de garantia contratual junto ao fabricante),False,https://www.kabum.com.br/produto/496109/memoria-ram-kingston-fury-renegade-rgb-16gb-ddr4-3200mhz-cl16-preto-kf432c16rb12a-16
2026-07-01,ram,528836,"Memória RAM Para Notebook Adata XPG, 8GB, 4800MHz, DDR5, CL40 - AD5S48008G-S",0.0,1065.76,905.9,15,5,20,True,Adata,Hardware/Memória RAM/DDR 5,10 anos de garantia (3 meses de garantia legal + 117 meses de garantia contratual junto ao fabricante),False,https://www.kabum.com.br/produto/528836/memoria-ram-para-notebook-adata-xpg-8gb-4800mhz-ddr5-cl40-ad5s48008g-s
2026-07-01,ram,575908,Memória Adata Xpg 8GB Ddr5 5600mhz - Ad5s56008g-s,0.0,1609.99,1609.99,0,5,1,True,Adata,Hardware/Memória RAM/DDR 5,Sem Garantia,False,https://www.kabum.com.br/produto/575908/memoria-notebook-8gb-ddr5-5600mhz-adata-sodimm-ad5s56008g-s
2026-07-01,ram,513719,"Memória RAM Gamer Rise Mode Aura, ARGB, 8GB, 3200MHz, DDR4, CL19, Branco - RM-D4AW-8G-3200ARGB",0.0,2611.75,2219.99,15,5,32,True,Rise Mode,Hardware/Memória RAM/DDR 4/3200MHz,1 ano de garantia (3 meses de garantia legal + 9 meses de garantia contratual junto ao fabricante),False,https://www.kabum.com.br/produto/513719/memoria-ram-gamer-rise-mode-aura-argb-8gb-3200mhz-ddr4-cl19-branco-rm-d4aw-8g-3200argb
2026-07-01,ram,533026,"Memória Dale7, 4GB, 2400Mhz, DDR4, Notebook, 1.2v",0.0,223.89,223.89,0,0,0,True,Outros,Hardware/Memória RAM/DDR 4,Sem Garantia,False,https://www.kabum.com.br/produto/533026/memoria-dale7-4gb-2400mhz-ddr4-notebook-1-2v
2026-07-01,ram,175196,"Memória Kingston, 4GB, 1600MHz, DDR3 - KVR16N11/4",0.0,198.75,168.94,15,5,2,True,Kingston,Hardware/Memória RAM,Sem Garantia,False,https://www.kabum.com.br/produto/175196/memoria-kingston-4gb-1600mhz-ddr3-kvr16n11-4
2026-07-01,ram,885374,"Memoria 16gb Ddr4 3200 Cl 22 1,2v Desktop 1rx8 Low Profile Kvr32n22s8l/16 Kingston",0.0,944.99,944.99,0,0,0,True,Kingston,Hardware/Memória RAM/DDR 4/3200MHz,Sem Garantia,False,https://www.kabum.com.br/produto/885374/memoria-ddr4-16gb-3200mhz-kingston-1-2v-kvr32n22s8l-16
2026-07-01,ram,480538,"Memória RAM Kingston Fury Beast, RGB, 8GB, 3600MHz, DDR4, CL17, Preto - KF436C17BB2A/8",1089.29,1089.29,925.9,15,5,24,True,Kingston,Hardware/Memória RAM/DDR 4,10 anos de garantia (3 meses de garantia legal + 117 meses de garantia contratual junto ao fabricante),False,https://www.kabum.com.br/produto/480538/memoria-ram-kingston-fury-beast-rgb-8gb-3600mhz-ddr4-cl17-preto-kf436c17bb2a-8
2026-07-01,ram,355886,"Memória Kingston Fury Beast Black, 32GB, 3200MHz, DDR4 - KF432C16BB/32",0.0,2078.78,1870.9,10,5,1,True,Kingston,Hardware/Memória RAM/DDR 4/3200MHz,Sem Garantia,False,https://www.kabum.com.br/produto/355886/memoria-kingston-fury-beast-black-32gb-3200mhz-ddr4-kf432c16bb-32
2026-07-01,ram,952644,Memória Ram Ddr3 8GB 1600mhz - Knup,0.0,169.9,169.9,0,5,2,True,Knup,Hardware/Memória RAM/DDR 3/1600 Mhz PC12800,Sem Garantia,False,https://www.kabum.com.br/produto/952644/memoria-ram-ddr3-8gb-1600mhz-knup
2026-07-01,ram,949213,Memória Xpg Lancer 32gb (2x16gb) Ddr5 6000mhz RGB- Ax5u6000c3016g-dclarbk,0.0,6474.9,5762.66,11,5,1,True,XPG,Hardware/Memória RAM/DDR 5,Sem Garantia,False,https://www.kabum.com.br/produto/949213/memoria-xpg-lancer-32gb-2x16gb-ddr5-6000mhz-rgb-ax5u6000c3016g-dclarbk
2026-07-01,ram,941662,Memoria 16gb P/ Notebook Hyperx Impact Ddr4 2666mhz Hx426s15ib2/16,0.0,690.79,642.43,7,0,0,True,Kingston,Hardware/Memória RAM/DDR 4/2666MHz,Sem Garantia,False,https://www.kabum.com.br/produto/941662/memoria-16gb-p-notebook-hyperx-impact-ddr4-2666mhz-hx426s15ib2-16
2026-07-01,ram,587850,"Memória Kingston Fury Beast  16GB 5200mhz 2x8GB DDR5, Preto - Kf552c40bbk2-16",0.0,2559.0,2559.0,0,0,0,True,Kingston,Hardware/Memória RAM/DDR 5,Sem Garantia,False,https://www.kabum.com.br/produto/587850/memoria-kingston-fury-beast-16gb-5200mhz-2x8gb-ddr5-preto-kf552c40bbk2-16
2026-07-01,ram,474939,"Memória RAM XPG Gammix D35, 8GB, 3200MHz, DDR4, CL16, Preto - AX4U32008G16A-SBKD35",0.0,651.92,554.13,15,5,365,True,XPG,Hardware/Memória RAM/DDR 4,10 anos de garantia (3 meses de garantia legal + 117 meses de garantia contratual junto ao fabricante),False,https://www.kabum.com.br/produto/474939/memoria-ram-xpg-gammix-d35-8gb-3200mhz-ddr4-cl16-preto-ax4u32008g16a-sbkd35
2026-07-01,ram,1003539,"Memória Husky Impulse Ddr4 16gb, 3200mhz, Cl22, Udimm, Preto - Hrm001163222pt",0.0,1123.48,988.66,12,0,0,True,Husky,Hardware/Memória RAM/DDR 4,Sem Garantia,False,https://www.kabum.com.br/produto/1003539/memoria-husky-impulse-ddr4-16gb-3200mhz-cl22-udimm-preto-hrm001163222pt
2026-07-01,ram,98071,"Memória RAM para Notebook Corsair Vengeance, 8GB, 2400MHz, DDR4, CL16 - CMSX8GX4M1A2400C16",0.0,623.52,529.99,15,5,352,True,Corsair,Hardware/Memória RAM/DDR 4,10 anos de garantia (3 meses de garantia legal + 117 meses de garantia contratual junto ao fabricante),False,https://www.kabum.com.br/produto/98071/memoria-ram-para-notebook-corsair-vengeance-8gb-2400mhz-ddr4-cl16-cmsx8gx4m1a2400c16
2026-07-01,ram,903779,Memoria 16gb Ddr4 2400 Cl 21 1.2v Desktop Udimm Sgm16gl2400cl21d Sgmax,0.0,675.0,675.0,0,0,0,True,Outros,Hardware/Memória RAM/DDR 4,Sem Garantia,False,https://www.kabum.com.br/produto/903779/memoria-16gb-ddr4-2400-cl-21-1-2v-desktop-udimm-sgm16gl2400cl21d-sgmax
2026-07-01,ram,382756,"Memória RAM para Notebook Corsair Vengeance, 16GB, 4800MHz, DDR5, CL40, Preto  - CMSX16GX5M1A4800C40",2023.52,2023.52,1719.99,15,5,60,True,Corsair,Hardware/Memória RAM/4800MHz/DDR 5,10 anos de garantia (3 meses de garantia legal + 117 meses de garantia contratual junto ao fabricante),False,https://www.kabum.com.br/produto/382756/memoria-ram-para-notebook-corsair-vengeance-16gb-4800mhz-ddr5-cl40-preto-cmsx16gx5m1a4800c40
2026-07-01,ram,480537,"Memória RAM Kingston Fury Beast, RGB, 128GB (4x32GB), 3200MHz, DDR4, CL16, Preto - KF432C16BB2AK4/128",0.0,12588.12,10699.9,15,5,2,True,Kingston,Hardware/Memória RAM/DDR 4,10 anos de garantia (3 meses de garantia legal + 117 meses de garantia contratual junto ao fabricante),False,https://www.kabum.com.br/produto/480537/memoria-ram-kingston-fury-beast-rgb-128gb-4x32gb-3200mhz-ddr4-cl16-preto-kf432c16bb2ak4-128
2026-07-01,ram,1004809,Memoria De Desktop Sk Hynix 4gb 1rx8 Ddr4 PC4 2133 Mhz 1.2v Oem  Hma451u6,0.0,210.0,195.3,7,5,1,True,SK HYNIX,Hardware/Memória RAM/DDR 4,Sem Garantia,True,https://www.kabum.com.br/produto/1004809/memoria-de-desktop-sk-hynix-4gb-1rx8-ddr4-pc4-2133-mhz-1-2v-oem-hma451u6
2026-07-01,ram,908965,Memória Rise Mode Value 4GB DDR3L 1600MHz - RM-D3-4G1600VL,93.51,93.51,83.22,11,5,1,True,Rise Mode,Hardware/Memória RAM/DDR 3,Sem Garantia,False,https://www.kabum.com.br/produto/908965/memoria-rise-mode-value-4gb-ddr3l-1600mhz-rm-d3-4g1600vl
2026-07-01,ram,309664,"Memória Kingston, 8GB, 3200MHz, DDR4, CL22, Para Notebook - KVR32S22S8/8",0.0,457.15,434.29,5,4,3,True,Kingston,Hardware/Memória RAM/DDR 4/3200MHz,Sem Garantia,False,https://www.kabum.com.br/produto/309664/memoria-kingston-8gb-3200mhz-ddr4-cl22-para-notebook-kvr32s22s8-8
2026-07-01,ram,533036,"Memória Dale7, 4GB, 2666Mhz, DDR4, Notebook, 1.2v",0.0,223.89,223.89,0,0,0,True,Outros,Hardware/Memória RAM/DDR 4,Sem Garantia,False,https://www.kabum.com.br/produto/533036/memoria-dale7-4gb-2666mhz-ddr4-notebook-1-2v
2026-07-01,ram,939624,"Memória Notebook Laptop, Ddr4 16gb 2666mhz Sodimm Crucial",0.0,999.9,929.91,7,0,0,True,Crucial,Hardware/Memória RAM/DDR 4/2666MHz,Sem Garantia,False,https://www.kabum.com.br/produto/939624/memoria-notebook-laptop-ddr4-16gb-2666mhz-sodimm-crucial
2026-07-01,ram,709207,Memória Gamer Adata Xpg Lancer Blade 16gb Ddr5 6000mhz - Ax5u6000c4816g-slabbk,0.0,2648.9,2357.52,11,0,0,True,Adata,Hardware/Memória RAM/DDR 5/6000MHz,Sem Garantia,False,https://www.kabum.com.br/produto/709207/memoria-gamer-adata-xpg-lancer-blade-16gb-ddr5-6000mhz-ax5u6000c4816g-slabbk
2026-07-01,ram,1003166,Memoria Desktop Samsung 4gb 1rx8 Ddr4 PC4-2133p 1.2v Oem M378a5143,0.0,240.0,216.0,10,0,0,True,Samsung,Hardware/Memória RAM/DDR 4/2133MHz,Sem Garantia,True,https://www.kabum.com.br/produto/1003166/memoria-desktop-samsung-4gb-1rx8-ddr4-pc4-2133p-1-2v-oem-m378a5143
2026-07-01,ram,365466,"Memória Para Notebook Crucial SODIMM 8GB, 3200MHz, DDR4 - CT8G4SFRA32A",0.0,509.9,469.11,8,5,9,True,Crucial,Hardware/Memória RAM/DDR 4,Sem Garantia,True,https://www.kabum.com.br/produto/365466/memoria-para-notebook-crucial-sodimm-8gb-3200mhz-ddr4-ct8g4sfra32a
2026-07-01,ram,897345,Memória Notebook 32gb Ddr4 3200mhz Fnx Fnx32s22s8/32g So-dimm,0.0,1899.0,1899.0,0,0,0,True,Fnx,Hardware/Memória RAM,Sem Garantia,False,https://www.kabum.com.br/produto/897345/memoria-notebook-32gb-ddr4-3200mhz-fnx-fnx32s22s8-32g-so-dimm
2026-07-01,ram,921677,"Memoria RAM Adata XPG Lancer Blade, 16GB, DDR5, 5600MT/s, C46, Branca - AX5U5600C4616G-SLABWH",0.0,1787.9,1519.72,15,5,11,True,XPG,Hardware/Memória RAM/DDR 5/5600MHz,10 anos de garantia (3 meses de garantia legal + 117 meses de garantia contratual junto ao fabricante),False,https://www.kabum.com.br/produto/921677/memoria-ram-adata-xpg-lancer-blade-16gb-ddr5-5600mt-s-c46-branca-ax5u5600c4616g-slabwh
2026-07-01,ram,658652,Memoria Notebook  16gb Ddr5 5600 Cl40 1.1v Fury Impact Kf556s40ib-16 Kingston,0.0,2007.02,1766.18,12,5,1,True,Kingston,Hardware/Memória RAM/DDR 5/5600MHz,Sem Garantia,False,https://www.kabum.com.br/produto/658652/memoria-notebook-16gb-ddr5-5600-cl40-1-1v-fury-impact-kf556s40ib-16-kingston
2026-07-01,ram,677478,"Memória RAM XPG Lancer Blade, 32GB(2x16GB), DDR5, 6000MHz, Dual Tray, CL48, Preto- AX5U6000C4816G-DTLABBK",0.0,3882.34,3299.99,15,5,1,True,XPG,Hardware/Memória RAM/DDR 5,1 ano de garantia (3 meses de garantia legal + 9 meses de garantia contratual junto ao fabricante),False,https://www.kabum.com.br/produto/677478/memoria-ram-xpg-lancer-blade-32gb-2x16gb-ddr5-6000mhz-dual-tray-cl48-preto-ax5u6000c4816g-dtlabbk
2026-07-01,ram,404832,"Memória RAM para Notebook Kingston Fury Impact, 8GB, 4800MHz, DDR5, CL38 - KF548S38IB-8",0.0,1070.47,909.9,15,4,26,True,Kingston,Hardware/Memória RAM/DDR 5,10 anos de garantia (3 meses de garantia legal + 117 meses de garantia contratual junto ao fabricante),False,https://www.kabum.com.br/produto/404832/memoria-ram-para-notebook-kingston-fury-impact-8gb-4800mhz-ddr5-cl38-kf548s38ib-8
2026-07-01,ram,172367,"Memória RAM Kingston Fury Beast, 32GB, 3200MHz, DDR4, CL16, Preto - KF432C16BB/32",0.0,3105.76,2639.9,15,5,26,True,Kingston,Hardware/Memória RAM/DDR 4,10 anos de garantia (3 meses de garantia legal + 117 meses de garantia contratual junto ao fabricante),False,https://www.kabum.com.br/produto/172367/memoria-ram-kingston-fury-beast-32gb-3200mhz-ddr4-cl16-preto-kf432c16bb-32
2026-07-01,ram,1019538,"Memoria Ram 4gb Ddr4, 2400mhz, PC4-19200, 288-pin - Oem",0.0,235.79,207.5,12,0,0,True,OEM,Hardware/Memória RAM/DDR 4/2400MHz,Sem Garantia,False,https://www.kabum.com.br/produto/1019538/memoria-ram-4gb-ddr4-2400mhz-pc4-19200-288-pin-oem
2026-07-01,ram,921886,Memoria 4Gb Ddr4 2666 Cl 21 1.2V Desktop UDIMM SGM4GL2666CL21D SGMAX,0.0,213.3,185.57,13,0,0,True,Outros,Hardware/Memória RAM/DDR 4/2666MHz,Sem Garantia,False,https://www.kabum.com.br/produto/921886/memoria-4gb-ddr4-2666-cl-21-1-2v-desktop-udimm-sgm4gl2666cl21d-sgmax
2026-07-01,ram,697874,Memoria 32gb Ddr5 5200 Cl40 1.25v Fury Beast Gaming KF552C40BB-32 Kingston,0.0,3779.9,3401.91,10,0,0,True,Kingston,Hardware/Memória RAM/DDR 5/5600MHz,Sem Garantia,False,https://www.kabum.com.br/produto/697874/memoria-32gb-ddr5-5200-cl40-1-25v-fury-beast-gaming-kf552c40bb-32-kingston
2026-07-01,ram,532665,"Memória Dale7, 4GB, 2133Mhz, DDR4, Notebook, 1.2v",0.0,223.89,223.89,0,0,0,True,Outros,Hardware/Memória RAM/DDR 4,Sem Garantia,False,https://www.kabum.com.br/produto/532665/memoria-dale7-4gb-2133mhz-ddr4-notebook-1-2v
2026-07-01,ram,446387,"Memória Adata Ad5u, 32gb, 1x32gb, 4800mhz, Ddr5 - Preto",0.0,3914.99,3914.99,0,0,0,True,Adata,Hardware/Memória RAM/DDR 5/4800MHz,Sem Garantia,False,https://www.kabum.com.br/produto/446387/memoria-adata-ad5u-32gb-1x32gb-4800mhz-ddr5-preto
2026-07-01,ram,1042588,Memória Ram Notebook Ddr4 8GB 3200mhz Sodimm Clanm,0.0,767.92,767.92,0,0,0,True,Clanm,Hardware/Memória RAM/DDR 4/3200MHz,Sem Garantia,False,https://www.kabum.com.br/produto/1042588/memoria-ram-notebook-ddr4-8gb-3200mhz-sodimm-clanm
2026-07-01,ram,532664,"Memória Dale7, 8GB, 2133Mhz, DDR4, Notebook, 1.2v",0.0,373.89,373.89,0,0,0,True,Outros,Hardware/Memória RAM/DDR 4,Sem Garantia,False,https://www.kabum.com.br/produto/532664/memoria-dale7-8gb-2133mhz-ddr4-notebook-1-2v
2026-07-01,ram,625278,"Memória U-dimm Ddr5 16gb/4800 Crucial, 16gb, Ddr5, 4800 Mhz",1642.38,1642.38,1642.38,0,0,0,True,Crucial,Hardware/Memória RAM/DDR 5/6000MHz,Sem Garantia,False,https://www.kabum.com.br/produto/625278/memoria-u-dimm-ddr5-16gb-4800-crucial-16gb-ddr5-4800-mhz
2026-07-01,ram,723641,"Memória Para Notebook Kingston 8GB, Ddr4, 3200mhz, Cl22 - Kvr24s17s8/8",0.0,451.88,429.29,5,0,0,True,Kingston,Hardware/Memória RAM/DDR 4,Sem Garantia,False,https://www.kabum.com.br/produto/723641/memoria-para-notebook-kingston-8gb-ddr4-3200mhz-cl22-kvr24s17s8-8
2026-07-01,ram,327015,"Memória Kingston Fury Beast, 16GB, 4800MHz, DDR5, CL38, Preto - KF548C38BB-16",0.0,1699.9,1699.9,0,0,0,True,Kingston,Hardware/Memória RAM/DDR 5,Sem Garantia,False,https://www.kabum.com.br/produto/327015/memoria-kingston-fury-beast-16gb-4800mhz-ddr5-cl38-preto-kf548c38bb-16
2026-07-01,ram,952265,Memoria  8GB Ddr3 1333 Cl 11 1.5v Desktop Udimm Sgm8g1333cl11d Sgmax,0.0,135.0,117.45,13,0,0,True,Outros,Hardware/Memória RAM/DDR 3,Sem Garantia,False,https://www.kabum.com.br/produto/952265/memoria-8gb-ddr3-1333-cl-11-1-5v-desktop-udimm-sgm8g1333cl11d-sgmax
2026-07-01,ram,991820,Memória Ram Notebook Kingston Fury Impact 8GB 4800mhz Ddr5,0.0,1679.99,1629.59,3,0,0,True,Kingston,Hardware/Memória RAM/DDR 5/4800MHz,Sem Garantia,True,https://www.kabum.com.br/produto/991820/memoria-ram-notebook-kingston-fury-impact-8gb-4800mhz-ddr5
2026-07-01,ram,909692,Memória Ram Kingston Ddr4 8GB 2666mhz Sodimm - Notebook,0.0,629.9,598.41,5,5,1,True,Kingston,Hardware/Memória RAM/DDR 4/2666MHz,Sem Garantia,False,https://www.kabum.com.br/produto/909692/memoria-ram-kingston-ddr4-8gb-2666mhz-sodimm-notebook
2026-07-01,ram,381489,"Memória Kingston HyperX SODIMM, 32GB, 3200MHz, DDR4, CL20, 260-PIN, Para Notebook - KF432S20IB/32",0.0,4119.99,3707.99,10,5,1,True,Kingston,Hardware/Memória RAM/DDR 4,Sem Garantia,False,https://www.kabum.com.br/produto/381489/memoria-kingston-hyperx-sodimm-32gb-3200mhz-ddr4-cl20-260-pin-para-notebook-kf432s20lb-32
2026-07-01,ram,724819,MEMÓRIA NOTEBOOK 16GB DDR5 5600MHZ KINGSTON KVR56S46BS8-16,0.0,1715.0,1715.0,0,0,0,True,Kingston,Hardware/Memória RAM/DDR 5,Sem Garantia,False,https://www.kabum.com.br/produto/724819/memoria-para-notebook-16gb-kingston-kvr56s46bs8-16-5600mhz
2026-07-01,ram,692489,Memoria   4gb P/ Notebook Smart Ddr3 1600mhz O&m,0.0,74.49,69.28,7,5,1,True,Kingston,Hardware/Memória RAM/DDR 3,Sem Garantia,False,https://www.kabum.com.br/produto/692489/memoria-4gb-p-notebook-smart-ddr3-1600mhz-o-m
2026-07-01,ram,403550,"Memória Notebook Kingston 16GB Ddr4 3200 Mhz 1,2v Sodimm - Kvr32s22s8/16",0.0,999.9,949.91,5,0,0,True,Kingston,Hardware/Memória RAM/DDR 4,Sem Garantia,True,https://www.kabum.com.br/produto/403550/memoria-para-notebook-kingston-16gb-3200mhz-ddr4-kvr32s22s8-16
2026-07-01,ram,174054,"Memória Kingston, 4GB, 1600MHz, DDR3, Para Notebook, Low Voltage",0.0,66.55,63.22,5,0,0,True,Kingston,Hardware/Memória RAM/DDR 3,Sem Garantia,False,https://www.kabum.com.br/produto/174054/memoria-kingston-4gb-1600mhz-ddr3-para-notebook-low-voltage
2026-07-01,ram,467725,"Memória Hyperx DDR3L, 8GB, 1600Mhz, 1.35v, para Notebook",0.0,249.9,249.9,0,5,1,True,Hyperx,Hardware/Memória RAM/DDR 3/1600 Mhz PC12800,Sem Garantia,False,https://www.kabum.com.br/produto/467725/memoria-hyperx-ddr3l-8gb-1600mhz-1-35v-para-notebook
2026-07-01,ram,532674,"Memória Dale7, 16GB, 2133Mhz, DDR4, Desktop, 1.2v",0.0,643.89,643.89,0,5,1,True,Outros,Hardware/Memória RAM/DDR 4,Sem Garantia,False,https://www.kabum.com.br/produto/532674/memoria-dale7-16gb-2133mhz-ddr4-desktop-1-2v
2026-07-01,ram,474940,"Memória RAM Adata XPG, 16GB, 2666MHz, DDR4, CL19, Verde - AD4U266616G19-SGN",1171.65,1171.65,995.9,15,5,5,True,XPG,Hardware/Memória RAM/DDR 4,10 anos de garantia (3 meses de garantia legal + 117 meses de garantia contratual junto ao fabricante),False,https://www.kabum.com.br/produto/474940/memoria-ram-adata-xpg-16gb-2666mhz-ddr4-cl19-verde-ad4u266616g19-sgn
2026-07-01,ram,480536,"Memória RAM Kingston Fury Beast, RGB, 64GB (2x32GB), 3200MHz, DDR4, CL16, Preto - KF432C16BB2AK2/64",7058.71,7058.71,5999.9,15,5,8,True,Kingston,Hardware/Memória RAM/DDR 4,10 anos de garantia (3 meses de garantia legal + 117 meses de garantia contratual junto ao fabricante),False,https://www.kabum.com.br/produto/480536/memoria-ram-kingston-fury-beast-rgb-64gb-2x32gb-3200mhz-ddr4-cl16-preto-kf432c16bb2ak2-64
2026-07-01,ram,1029658,"Memoria RAM Kingston Fury  Beast, 16GB, 3200MT/s, DDR4, CL16, DIMM,  Preto - KF432C16BB/16",1444.43,1444.43,1299.99,10,0,0,True,Kingston,Hardware/Memória RAM/DDR 4/3200MHz,10 anos de garantia (3 meses de garantia legal + 117 meses de garantia contratual junto ao fabricante),False,https://www.kabum.com.br/produto/1029658/memoria-ram-kingston-fury-beast-16gb-3200mt-s-ddr4-cl16-dimm-preto-kf432c16bb-16
2026-07-01,ram,464105,"Memoria Kingston Fury Beast, RGB, 8GB, DDR5, 5600mhz 1.25v, Black Desktop - KF556C40BBA-8",0.0,1215.0,1215.0,0,0,0,True,Kingston,Hardware/Memória RAM/DDR 5,Sem Garantia,False,https://www.kabum.com.br/produto/464105/memoria-kingston-fury-beast-rgb-8gb-ddr5-5600mhz-1-25v-black-desktop-kf556c40bba-8
2026-07-01,ram,956339,Memoria 16gb Ddr4 3200mhz 1.2v Kingston - Notebook - Kvr32s22d8/16wp,1118.29,1118.29,1006.46,10,0,0,True,Kingston,Hardware/Memória RAM/DDR 4/3200MHz,Sem Garantia,True,https://www.kabum.com.br/produto/956339/memoria-ddr4-3200-16gb-p-notebook-kingston
2026-07-01,ram,993220,Memoria 32gb Ddr4 Para Dell T430 T630 R430 R530 R630 R730,0.0,2399.0,2279.05,5,0,0,True,Outros,Hardware/Memória RAM/DDR 4/2400MHz,Sem Garantia,False,https://www.kabum.com.br/produto/993220/memoria-32gb-ddr4-para-dell-t430-t630-r430-r530-r630-r730
2026-07-01,ram,886339,Memória Ram 8GB Ddr3 1333mhz 10600r Para Dell Precision,0.0,315.0,315.0,0,0,0,True,Outros,Hardware/Memória RAM/DDR 3/1333 Mhz PC10666,Sem Garantia,True,https://www.kabum.com.br/produto/886339/memoria-ram-8gb-ddr3-1333mhz-10600r-para-dell-precision
2026-07-01,ram,520063,"Memória Ram Desktop Gamer Ddr4 16Gb, 2400mhz - Hyperx Fury",0.0,1049.9,1049.9,0,0,0,True,Hyperx,Hardware/Memória RAM/DDR 4/2400MHz,Sem Garantia,False,https://www.kabum.com.br/produto/520063/memoria-ram-desktop-gamer-ddr4-16gb-2400mhz-hyperx-fury
2026-07-01,ram,467737,"Memória Ram Crucial, 16GB, 2400Mhz, DDR4, Para Notebook",0.0,849.9,781.91,8,0,0,True,Crucial,Hardware/Memória RAM/DDR 4/2400MHz,Sem Garantia,True,https://www.kabum.com.br/produto/467737/memoria-ram-crucial-16gb-2400mhz-ddr4-para-notebook
2026-07-01,ram,886345,Memória Ram 8GB Ddr3 Dell Poweredge T410 T610 T320 T420 T620,0.0,315.0,315.0,0,0,0,True,Outros,Hardware/Memória RAM/DDR 3/1333 Mhz PC10666,Sem Garantia,True,https://www.kabum.com.br/produto/886345/memoria-ram-8gb-ddr3-dell-poweredge-t410-t610-t320-t420-t620
2026-07-01,ram,512392,"Memória Gamer Xpg Gammix D35 8GB, DDR4, 3200Mhz, Branco - Ax4u32008g16a-swhd35",0.0,697.5,697.5,0,5,2,True,XPG,Hardware/Memória RAM/DDR 4/3200MHz,Sem Garantia,False,https://www.kabum.com.br/produto/512392/memoria-gamer-xpg-gammix-d35-8gb-ddr4-3200mhz-branco-ax4u32008g16a-swhd35
2026-07-01,ram,630654,"Memória RAM Kingston Fury Beast Expo, RGB, 32GB, 6000MT/s, DDR5, DIMM, CL30, Preto - KF560C30BBEA-32",0.0,5811.65,4939.9,15,0,0,True,Kingston,Hardware/Memória RAM/DDR 5,10 anos de garantia (3 meses de garantia legal + 117 meses de garantia contratual junto ao fabricante),False,https://www.kabum.com.br/produto/630654/memoria-ram-kingston-fury-beast-expo-rgb-32gb-6000mt-s-ddr5-dimm-cl30-preto-kf560c30bbea-32
2026-07-01,ram,460654,"Memória Ram Para Notebook Sodimm Cl40 Crucial, 16GB, 4800mhz, DDR5 - CT16G48C40S5",0.0,1499.9,1499.9,0,5,5,True,Crucial,Hardware/Memória RAM/DDR 5/4800MHz,Sem Garantia,False,https://www.kabum.com.br/produto/460654/memoria-ram-para-notebook-sodimm-cl40-crucial-16gb-4800mhz-ddr5-ct16g48c40s5
2026-07-01,ram,495637,"Memória Xpg Spectrix D35g RGB, 8GB, 1x8GB, 3200mhz, DDR4, Preto",0.0,765.0,765.0,0,5,4,True,XPG,Hardware/Memória RAM/DDR 4,Sem Garantia,False,https://www.kabum.com.br/produto/495637/memoria-xpg-spectrix-d35g-rgb-8gb-1x8gb-3200mhz-ddr4-preto
2026-07-01,ram,505706,"Memória 8GB, DDR5 5600mhz Kingston Fury Beast, Preto - Kf556c40bb-8",0.0,1496.31,1496.31,0,5,2,True,Kingston FURY,Hardware/Memória RAM/DDR 5/5600MHz,Sem Garantia,False,https://www.kabum.com.br/produto/505706/memoria-8gb-ddr5-5600mhz-kingston-fury-beast-preto-kf556c40bb-8
2026-07-01,ram,284017,"Memória Kingston SODIMM, 16GB, 2666MHz, DDR4, CL19, Para Notebook, 260-PIN, 1.2V, 2RX8 - KVR26S19D8/16",0.0,849.9,781.91,8,5,3,True,Kingston,Hardware/Memória RAM/DDR 4/2666MHz,Sem Garantia,True,https://www.kabum.com.br/produto/284017/memoria-kingston-sodimm-16gb-2666mhz-ddr4-cl19-para-notebook-260-pin-1-2v-2rx8-kvr26s19d8-16
2026-07-01,ram,573166,Memoria Kingston 8GB Ddr4 3200mhz 1.2v Notebook - Kvr32s22s8/8,0.0,529.9,487.51,8,0,0,True,Kingston,Hardware/Memória RAM/DDR 4,Sem Garantia,True,https://www.kabum.com.br/produto/573166/memoria-kingston-8gb-ddr4-3200mhz-1-2v-notebook-kvr32s22s8-8
2026-07-01,ram,175180,"Memória Crucial, 8GB, 2666MHz, DDR4, CL19, Para Notebook - CB8GS2666",0.0,499.9,459.91,8,5,1,True,Crucial,Hardware/Memória RAM/DDR 4/2666MHz,Sem Garantia,True,https://www.kabum.com.br/produto/175180/memoria-crucial-8gb-2666mhz-ddr4-cl19-para-notebook-cb8gs2666
2026-07-01,ram,519527,"Memória RAM Kingston Fury Renegade, 16GB, 4000MHz, DDR4, CL19, Preto - KF440C19RB12/16",1846.94,1846.94,1569.9,15,5,4,True,Kingston,Hardware/Memória RAM/DDR 4,10 anos de garantia (3 meses de garantia legal + 117 meses de garantia contratual junto ao fabricante),False,https://www.kabum.com.br/produto/519527/memoria-ram-kingston-fury-renegade-16gb-4000mhz-ddr4-cl19-preto-kf440c19rb12-16
2026-07-01,ram,886334,"Memória Ram 8GB Ddr3 1333mhz 10600r Servidores Hp, Ibm, Dell",0.0,315.0,315.0,0,0,0,True,Outros,Hardware/Memória RAM/DDR 3/1333 Mhz PC10666,Sem Garantia,True,https://www.kabum.com.br/produto/886334/memoria-ram-8gb-ddr3-1333mhz-10600r-servidores-hp-ibm-dell
2026-07-01,ram,390564,"Memória Kingston SODIMM, 8GB, 3200MHz, DDR4, 1.2V - KVR32S22S6/8",0.0,619.0,569.48,8,5,1,True,Kingston,Hardware/Memória RAM/DDR 4,Sem Garantia,False,https://www.kabum.com.br/produto/390564/memoria-kingston-sodimm-8gb-3200mhz-ddr4-1-2v-kvr32s22s6-8
2026-07-01,ram,175107,"Memória Kingston, 4GB, 1333MHz, DDR3, Para Notebook - KVR13S9S8/4",0.0,186.25,158.31,15,0,0,True,Kingston,Hardware/Memória RAM,Sem Garantia,False,https://www.kabum.com.br/produto/175107/memoria-kingston-4gb-1333mhz-ddr3-para-notebook-kvr13s9s8-4
2026-07-01,ram,469082,"Memória Kingston Hyperx, 8GB, 3200mhz, DDR4, CL16 - Hx432c16fb3/8",0.0,1012.5,880.88,13,0,0,True,Kingston,Hardware/Memória RAM/DDR 4,Sem Garantia,False,https://www.kabum.com.br/produto/469082/memoria-kingston-hyperx-8gb-3200mhz-ddr4-cl16-hx432c16fb3-8
2026-07-01,ram,402907,"Memória Kingston Fury Beast, 16GB RAM, 3200MHz, DDR4 - KF432C16BB/16",0.0,1325.44,1192.9,10,5,16,True,Kingston,Hardware/Memória RAM/DDR 4/3200MHz,Sem Garantia,False,https://www.kabum.com.br/produto/402907/memoria-kingston-fury-beast-16gb-ram-3200mhz-ddr4-kf432c16bb-16
2026-07-01,ram,467709,"Memória Hyperx Fury, 16GB, 3200MHz, DDR4, Para Notebook.",0.0,849.9,849.9,0,0,0,True,Hyperx,Hardware/Memória RAM/DDR 4/3200MHz,Sem Garantia,False,https://www.kabum.com.br/produto/467709/memoria-hyperx-fury-16gb-3200mhz-ddr4-para-notebook
2026-07-01,ram,532716,"Memória Dale7, 8GB, 3200Mhz, DDR4, Desktop, 1.2v",0.0,461.89,461.89,0,0,0,True,Outros,Hardware/Memória RAM/DDR 4,Sem Garantia,False,https://www.kabum.com.br/produto/532716/memoria-dale7-8gb-3200mhz-ddr4-desktop-1-2v
2026-07-01,ram,642726,Memória Ram Ddr4 8GB 3200mhz (notebook) - Patriot Signature,0.0,757.57,681.81,10,0,0,True,Patriot,Hardware/Memória RAM/DDR 4/3200MHz,Sem Garantia,False,https://www.kabum.com.br/produto/642726/memoria-ram-ddr4-8gb-3200mhz-notebook-patriot-signature
2026-07-01,ram,952171,Memória Ram 8GB Ddr4 2133mhz Ecc Hp Proliant Ml30  Ml10  Dl20 Gen9,0.0,759.0,759.0,0,0,0,True,Outros,Hardware/Memória RAM/DDR 4/2133MHz,Sem Garantia,True,https://www.kabum.com.br/produto/952171/memoria-ram-8gb-ddr4-2133mhz-ecc-hp-proliant-ml30-ml10-dl20-gen9
2026-07-01,ram,1023414,Memoria  8GB Ddr3 1866 Cl 10 1.5v Hyper X Fury Azul Desktop Hx318c10f/8 Kingston,0.0,243.0,211.41,13,0,0,True,Kingston,Hardware/Memória RAM/DDR 3,Sem Garantia,False,https://www.kabum.com.br/produto/1023414/memoria-8gb-ddr3-1866-cl-10-1-5v-hyper-x-fury-azul-desktop-hx318c10f-8-kingston
2026-07-01,ram,532580,"Memória Dale7,2GB, 800Mhz, DDR2, Desktop, 1.8v",0.0,58.89,58.89,0,0,0,True,Outros,Hardware/Memória RAM/DDR 2,Sem Garantia,False,https://www.kabum.com.br/produto/532580/memoria-dale7-2gb-800mhz-ddr2-desktop-1-8v
2026-07-01,ram,984830,Memoria Ram Ddr4 16gb 3200mhz RGB Dissipador Westgatte,0.0,999.0,999.0,0,0,0,True,Outros,Hardware/Memória RAM/DDR 4/3200MHz,Sem Garantia,False,https://www.kabum.com.br/produto/984830/memoria-ram-ddr4-16gb-3200mhz-rgb-dissipador-westgatte
2026-07-01,ram,373148,"Memória XPG GAMMIX D10, 8GB, 3200MHz, DDR4, Black",0.0,697.5,697.5,0,0,0,True,XPG,Hardware/Memória RAM/DDR 4,Sem Garantia,False,https://www.kabum.com.br/produto/373148/memoria-xpg-gammix-d10-8gb-3200mhz-ddr4-black
2026-07-01,ram,533343,"Memória Gamer Dale7 No Limits, 16GB, 2400Mhz, DDR4, Desktop, Vermelho",0.0,668.89,668.89,0,0,0,True,Outros,Hardware/Memória RAM/DDR 4,Sem Garantia,False,https://www.kabum.com.br/produto/533343/memoria-gamer-dale7-no-limits-16gb-2400mhz-ddr4-desktop-vermelho
2026-07-01,ram,993628,Memoria 32gb Ddr4 Ecc Para Dell R430 R530 R630 R730 R830 R930,0.0,2399.0,2399.0,0,0,0,True,Outros,Hardware/Memória RAM/DDR 4/2400MHz,Sem Garantia,True,https://www.kabum.com.br/produto/993628/memoria-32gb-ddr4-para-hp-dl120-dl160-dl180-dl360-g9
2026-07-01,ram,477152,"Memória RAM XPG Spectrix D35G, RGB, 32GB (2x16GB), 3200MHz, DDR4, CL16, Branco - AX4U320016G16A-DTWHD35G",0.0,3188.12,2709.9,15,5,24,True,XPG,Hardware/Memória RAM/DDR 4,10 anos de garantia (3 meses de garantia legal + 117 meses de garantia contratual junto ao fabricante),False,https://www.kabum.com.br/produto/477152/memoria-ram-xpg-spectrix-d35g-rgb-32gb-2x16gb-3200mhz-ddr4-cl16-branco-ax4u320016g16a-dtwhd35g
2026-07-01,ram,988584,"Memória RAM Corsair Vengeance, RGB, 16GB (2x8GB), 5200MHz, DDR5, CL40, Intel XMP, Preto - CMH16GX5M2B5200C40",0.0,2544.33,2289.9,10,5,3,True,Corsair,Hardware/Memória RAM/DDR 5,10 anos de garantia (3 meses de garantia legal + 117 meses de garantia contratual junto ao fabricante),False,https://www.kabum.com.br/produto/988584/memoria-ram-corsair-vengeance-rgb-16gb-2x8gb-5200mhz-ddr5-cl40-intel-xmp-preto-cmh16gx5m2b5200c40
2026-07-01,ram,952586,Memória Ram Kingston Fury Impact Ddr4 16gb 2666mhz Sodimm – Notbook,0.0,999.9,929.91,7,0,0,True,Kingston,Hardware/Memória RAM/DDR 4/2666MHz,Sem Garantia,False,https://www.kabum.com.br/produto/952586/memoria-ram-kingston-fury-impact-ddr4-16gb-2666mhz-sodimm-notbook
2026-07-01,ram,496108,"Memória RAM Kingston Fury Renegade RGB, 32GB (4x8GB), DDR4, 3200MHz, CL16, Preto - KF432C16RB2AK4/32",0.0,3623.41,3079.9,15,5,2,True,Kingston,Hardware/Memória RAM/DDR 4/3200MHz,10 anos de garantia (3 meses de garantia legal + 117 meses de garantia contratual junto ao fabricante),False,https://www.kabum.com.br/produto/496108/memoria-ram-kingston-fury-renegade-rgb-32gb-4x8gb-ddr4-3200mhz-cl16-preto-kf432c16rb2ak4-32
2026-07-01,ram,172368,"Memória RAM Kingston Fury Beast, 64GB (2x32GB), 3200MHz, DDR4, CL16, Preto - KF432C16BBK2/64",0.0,6482.24,5509.9,15,5,27,True,Kingston,Hardware/Memória RAM/DDR 4,10 anos de garantia (3 meses de garantia legal + 117 meses de garantia contratual junto ao fabricante),False,https://www.kabum.com.br/produto/172368/memoria-ram-kingston-fury-beast-64gb-2x32gb-3200mhz-ddr4-cl16-preto-kf432c16bbk2-64
2026-07-01,ram,480534,"Memória RAM Kingston Fury Beast, RGB, 64GB (4x16GB), 3200MHz, DDR4, CL16, Preto - KF432C16BB2AK4/64",5517.53,5517.53,4689.9,15,5,1,True,Kingston,Hardware/Memória RAM/DDR 4,10 anos de garantia (3 meses de garantia legal + 117 meses de garantia contratual junto ao fabricante),False,https://www.kabum.com.br/produto/480534/memoria-ram-kingston-fury-beast-rgb-64gb-4x16gb-3200mhz-ddr4-cl16-preto-kf432c16bb2ak4-64
2026-07-01,ram,475277,"Memória RAM Rise Mode Z, 32GB, 3200MHz, DDR4, CL19, Preto - RM-D4-32G-3200Z",0.0,1882.24,1599.9,15,5,26,True,Rise Mode,Hardware/Memória RAM/DDR 4/3200MHz,1 ano de garantia (3 meses de garantia legal + 9 meses de garantia contratual junto ao fabricante),False,https://www.kabum.com.br/produto/475277/memoria-ram-rise-mode-z-32gb-3200mhz-ddr4-cl19-preto-rm-d4-32g-3200z
2026-07-01,ram,477149,"Memória RAM XPG Gammix D35, 16GB, 3200MHz, DDR4, CL16, Branco - AX4U320016G16A-SWHD35",1647.05,1647.05,1399.99,15,5,71,True,XPG,Hardware/Memória RAM/DDR 4,10 anos de garantia (3 meses de garantia legal + 117 meses de garantia contratual junto ao fabricante),False,https://www.kabum.com.br/produto/477149/memoria-ram-xpg-gammix-d35-16gb-3200mhz-ddr4-cl16-branco-ax4u320016g16a-swhd35
2026-07-01,ram,475439,"Memória RAM Kingston, 8GB, 2666MHz, DDR4, CL19, para Desktop - KVR26N19S6/8",0.0,676.46,574.99,15,5,5,True,Kingston,Hardware/Memória RAM/DDR 4,10 anos de garantia (3 meses de garantia legal + 117 meses de garantia contratual junto ao fabricante),False,https://www.kabum.com.br/produto/475439/memoria-ram-kingston-8gb-2666mhz-ddr4-cl19-para-desktop-kvr26n19s6-8
2026-07-01,ram,496112,"Memória RAM Kingston Fury Renegade, RGB, 32GB, DDR4, 3200MHz, CL16, Preto - KF432C16RB2A/32",0.0,2752.82,2339.9,15,5,2,True,Kingston,Hardware/Memória RAM/DDR 4/3200MHz,10 anos de garantia (3 meses de garantia legal + 117 meses de garantia contratual junto ao fabricante),False,https://www.kabum.com.br/produto/496112/memoria-ram-kingston-fury-renegade-rgb-32gb-ddr4-3200mhz-cl16-preto-kf432c16rb2a-32
2026-07-01,ram,533045,"Memória Dale7, 4GB, 1066Mhz, DDR3, Desktop, 1.5v",0.0,106.89,106.89,0,0,0,True,Outros,Hardware/Memória RAM/DDR 3,Sem Garantia,False,https://www.kabum.com.br/produto/533045/memoria-dale7-4gb-1066mhz-ddr3-desktop-1-5v
2026-07-01,ram,618208,"Memória Adata, 16GB, 5600MHz, DDR5, Udimm - Ad5u560016g-S",0.0,1959.0,1959.0,0,0,0,True,Adata,Hardware/Memória RAM/DDR 5,Sem Garantia,False,https://www.kabum.com.br/produto/618208/memoria-adata-16gb-5600mhz-ddr5-udimm-ad5u560016g-s
2026-07-01,ram,542170,"Memória Ram Westgatte Color, 8GB, 2666Mhz, DDR4, Verde",0.0,490.0,490.0,0,0,0,True,Outros,Hardware/Memória RAM/DDR 4,Sem Garantia,False,https://www.kabum.com.br/produto/542170/memoria-ram-westgatte-color-8gb-2666mhz-ddr4-verde
2026-07-01,ram,532582,"Memória Dale7, 2GB, 800Mhz, DDR2, Notebook, 1.8v",0.0,58.89,58.89,0,5,1,True,Outros,Hardware/Memória RAM/DDR 2,Sem Garantia,False,https://www.kabum.com.br/produto/532582/memoria-dale7-2gb-800mhz-ddr2-notebook-1-8v
2026-07-01,ram,689591,Memória Adata Xpg 32gb Ddr5 5600mhz - Ad5u560032g-s,0.0,3425.0,3425.0,0,0,0,True,Adata,Hardware/Memória RAM/DDR 5,Sem Garantia,False,https://www.kabum.com.br/produto/689591/memoria-32gb-adata-ad5u560032g-s-5600mhz-ddr5-desktop
2026-07-01,ram,904523,Memoria  4gb Ddr3l 1600 Cl 11 1.35v Desktop Udimm Sgm4gl1600cl11d Sgmax,0.0,78.3,68.12,13,0,0,True,Outros,Hardware/Memória RAM/DDR 3,Sem Garantia,False,https://www.kabum.com.br/produto/904523/memoria-4gb-ddr3l-1600-cl-11-1-35v-desktop-udimm-sgm4gl1600cl11d-sgmax
2026-07-01,ram,680404,Memória Ddr3 8GB 1600mhz Para Computador - Alto Desempenho Compatibilidade Universal,0.0,195.9,186.11,5,5,5,True,Aitek,Hardware/Memória RAM/DDR 3/1600 Mhz PC12800,Sem Garantia,False,https://www.kabum.com.br/produto/680404/memoria-ddr3-8gb-1600mhz-para-computador-alto-desempenho-compatibilidade-universal
2026-07-01,ram,456814,"Memória RAM Kingston Fury Impact, Sodimm 32GB DDR5, 4800mhz, Cl38, Para Notebook - Kf548s38ib-32",0.0,2999.0,2759.08,8,0,0,True,Outros,Hardware/Memória RAM/DDR 5,Sem Garantia,False,https://www.kabum.com.br/produto/456814/memoria-ram-kingston-fury-impact-sodimm-32gb-ddr5-4800mhz-cl38-para-notebook-kf548s38ib-32
2026-07-01,ram,385049,"Memória Kingston Fury Beast, RGB, 16GB, 5200MHz, DDR5, CL40, Preto - KF552C40BBA-16",0.0,2104.9,2104.9,0,0,0,True,Kingston,Hardware/Memória RAM/DDR 5,Sem Garantia,False,https://www.kabum.com.br/produto/385049/memoria-kingston-fury-beast-rgb-16gb-5200mhz-ddr5-cl40-preto-kf552c40bba-16
2026-07-01,ram,467662,"Memória Crucial, 8GB, 1600mhz, DDR3L, 1.35v",0.0,269.9,269.9,0,0,0,True,Crucial,Hardware/Memória RAM/DDR 3/1600 Mhz PC12800,Sem Garantia,False,https://www.kabum.com.br/produto/467662/memoria-crucial-8gb-1600mhz-ddr3l-1-35v
2026-07-01,ram,542121,"Memória Ram Westgatte, 16GB, 3200Mhz DDR4, Para Notebook",0.0,899.0,899.0,0,0,0,True,Outros,Hardware/Memória RAM/DDR 4/3200MHz,Sem Garantia,False,https://www.kabum.com.br/produto/542121/memoria-ram-westgatte-16gb-3200mhz-ddr4-para-notebook
2026-07-01,ram,404836,"Memória RAM para Notebook Kingston Fury Impact, 32GB, 4800MHz, CL38, DDR5 - KF548S38IB-32",0.0,4070.47,3459.9,15,5,10,True,Kingston,Hardware/Memória RAM/DDR 5,10 anos de garantia (3 meses de garantia legal + 117 meses de garantia contratual junto ao fabricante),False,https://www.kabum.com.br/produto/404836/memoria-ram-para-notebook-kingston-fury-impact-32gb-4800mhz-cl38-ddr5-kf548s38ib-32
2026-07-01,ram,388084,"Memória RAM Kingston Fury Beast RGB, 32GB, 5200MHz, DDR5, CL40, para Intel XMP, Preto - KF552C40BBA-32",4658.71,4658.71,3959.9,15,5,3,True,Kingston,Hardware/Memória RAM/DDR 5,10 anos de garantia (3 meses de garantia legal + 117 meses de garantia contratual junto ao fabricante),False,https://www.kabum.com.br/produto/388084/memoria-ram-kingston-fury-beast-rgb-32gb-5200mhz-ddr5-cl40-para-intel-xmp-preto-kf552c40bba-32
2026-07-01,ram,616577,"Memória RAM Kingston Fury Beast Expo, 32GB, 6000MT/s, DDR5, DIMM, CL30, Branco - KF560C30BWE-32",0.0,5035.18,4279.9,15,5,1,True,Kingston,Hardware/Memória RAM/DDR 5,10 anos de garantia (3 meses de garantia legal + 117 meses de garantia contratual junto ao fabricante),False,https://www.kabum.com.br/produto/616577/memoria-ram-kingston-fury-beast-expo-32gb-6000mt-s-ddr5-dimm-cl30-branco-kf560c30bwe-32
2026-07-01,ram,385266,"Memória RAM Corsair Vengeance para AMD, 32GB (2x16GB), 5200MHz, DDR5, C40, Preto - CMK32GX5M2B5200Z40",0.0,5082.24,4319.9,15,5,49,True,Corsair,Hardware/Memória RAM/DDR 5,1 ano de garantia (3 meses de garantia legal + 9 meses de garantia contratual junto ao fabricante),False,https://www.kabum.com.br/produto/385266/memoria-ram-corsair-vengeance-para-amd-32gb-2x16gb-5200mhz-ddr5-c40-preto-cmk32gx5m2b5200z40
2026-07-01,ram,462486,"Memoria Kingston Fury Beast RGB, 32GB, DDR5, 5200mhz 1.25v Black Desktop - KF552C40BBA-32",0.0,3779.91,3401.92,10,0,0,True,Kingston,Hardware/Memória RAM/DDR 5,Sem Garantia,False,https://www.kabum.com.br/produto/462486/memoria-kingston-fury-beast-rgb-32gb-ddr5-5200mhz-1-25v-black-desktop-kf552c40bba-32
2026-07-01,ram,752468,Memoria Corsair Vengeance Ddr5 RGB 16x1 16gb 5600mhz,0.0,2045.0,2045.0,0,0,0,True,Corsair,Hardware/Memória RAM/DDR 5/5600MHz,Sem Garantia,False,https://www.kabum.com.br/produto/752468/memoria-corsair-vengeance-ddr5-rgb-16x1-16gb-5600mhz
2026-07-01,ram,922185,Memoria Notebook   8GB Ddr4 3200 Cl22 1.2v Soddim Sgm8gl3200cl22nb Sgmax,0.0,378.0,328.86,13,0,0,True,Outros,Hardware/Memória RAM/DDR 4/3200MHz,Sem Garantia,False,https://www.kabum.com.br/produto/922185/memoria-notebook-8gb-ddr4-3200-cl22-1-2v-soddim-sgm8gl3200cl22nb-sgmax
2026-07-01,ram,362664,"Memória Patriot Viper Steel, 8GB, 3200MHz, DDR4, CL16 - PVS48G320C6",0.0,656.56,590.9,10,0,0,True,Patriot,Hardware/Memória RAM/DDR 4,Sem Garantia,False,https://www.kabum.com.br/produto/362664/memoria-patriot-viper-steel-8gb-3200mhz-ddr4-cl16-pvs48g320c6
2026-07-01,ram,1050725,"Memória Macrovip Intel, 8GB, Ddr4, 3200mhz, Cl22, Preto, Mv32n22/8i",0.0,702.48,632.23,10,0,0,True,Outros,Hardware/Memória RAM/DDR 4/3200MHz,Sem Garantia,False,https://www.kabum.com.br/produto/1050725/memoria-macrovip-intel-8gb-ddr4-3200mhz-cl22-preto-mv32n22-8i
2026-07-01,ram,392950,"Memória Crucial, 16GB, 2666MHz, DDR4, CL19, Para Notebook - CB16GS2666",0.0,849.9,781.91,8,0,0,True,Crucial,Hardware/Memória RAM/DDR 4,Sem Garantia,True,https://www.kabum.com.br/produto/392950/memoria-crucial-16gb-2666mhz-ddr4-cl19-para-notebook-cb16gs2666
2026-07-01,ram,134703,"Memória Best Memory, 8GB, 1600MHz, DDR3, Para PC - BT D3 8G1600V",0.0,179.85,147.48,18,5,4,True,BEST MEMORY,Hardware/Memória RAM/DDR 4/1600MHz,1 ano de garantia (3 meses de garantia legal + 9 meses de garantia contratual junto ao fabricante),True,https://www.kabum.com.br/produto/134703/memoria-best-memory-8gb-1600mhz-ddr3-para-pc-bt-d3-8g1600v
2026-07-01,ram,1036266,Memoria Note 16gb Ddr4 - Adata - 3200mhz,0.0,671.1,671.1,0,0,0,True,Adata,Hardware/Memória RAM/DDR 4/2666MHz,Sem Garantia,False,https://www.kabum.com.br/produto/1036266/memoria-notebook-samsung-16gb-ddr4-2666-mhz-m471a2k43db1-ctd
2026-07-01,ram,415936,"Memória Kingston SODIMM, 8GB, 2666MHz, DDR4, 1.2V, 1RX8, Para Notebook - KCP426SS8 8",0.0,766.9,766.9,0,0,0,True,Kingston,Hardware/Memória RAM/DDR 4/2666MHz,Sem Garantia,False,https://www.kabum.com.br/produto/415936/memoria-kingston-sodimm-8gb-2666mhz-ddr4-1-2v-1rx8-para-notebook-kcp426ss8-8
2026-07-01,ram,764899,Memória Ram 32gb dell Poweredge R440 R540 R640 R740 R840 R940,0.0,1399.0,1399.0,0,0,0,True,Outros,Hardware/Memória RAM/DDR 4/2666MHz,Sem Garantia,True,https://www.kabum.com.br/produto/764899/memoria-ram-32gb-dell-poweredge-r440-r540-r640-r740-r840-r940
2026-07-01,ram,581066,"Memória Kingston 32GB, 5600Mhz, DDR5, Fury Beast - Kf556c40bb-32",0.0,3499.0,3499.0,0,0,0,True,Kingston,Hardware/Memória RAM/DDR 5,Sem Garantia,False,https://www.kabum.com.br/produto/581066/memoria-kingston-32gb-5600mhz-ddr5-fury-beast-kf556c40bb-32
2026-07-01,ram,392340,"Memória Corsair Vengeance PRO, RGB, 8GB, 3200MHz, DDR4, Preta",0.0,755.0,755.0,0,0,0,True,Corsair,Hardware/Memória RAM/DDR 4,Sem Garantia,False,https://www.kabum.com.br/produto/392340/memoria-corsair-vengeance-pro-rgb-8gb-3200mhz-ddr4-preta
2026-07-01,ram,533335,"Memória Gamer Dale7 No Limits, 8GB, 2666Mhz, DDR4, Desktop, Branco",0.0,459.89,459.89,0,0,0,True,Outros,Hardware/Memória RAM/DDR 4,Sem Garantia,False,https://www.kabum.com.br/produto/533335/memoria-gamer-dale7-no-limits-8gb-2666mhz-ddr4-desktop-branco
2026-07-01,ram,538925,"Memória RAM NTC, 8GB, 1600MHz, DDR3, Cl11, Preto - NTCKF1600DD3-8GB",0.0,205.9,183.25,11,5,5,True,NTC,Hardware/Memória RAM/DDR 3,Sem Garantia,False,https://www.kabum.com.br/produto/538925/memoria-ram-ntc-8gb-1600mhz-ddr3-cl11-preto-ntckf1600dd3-8gb
2026-07-01,ram,895024,Memória Notebook Crucial 8GB Ddr4 3200mhz Sodimm,0.0,499.0,499.0,0,0,0,True,Crucial,Hardware/Memória RAM/DDR 4/3200MHz,Sem Garantia,False,https://www.kabum.com.br/produto/895024/memoria-notebook-crucial-8gb-ddr4-3200mhz-sodimm
2026-07-01,ram,226566,"Memória Kingston Fury Impact SODIMM, 16GB, 2666MHz, DDR4, CL16, Para Notebook - KF426S16IB/16",0.0,799.0,735.08,8,0,0,True,Kingston,Hardware/Memória RAM/DDR 4,Sem Garantia,True,https://www.kabum.com.br/produto/226566/memoria-kingston-fury-impact-sodimm-16gb-2666mhz-ddr4-cl16-para-notebook-kf426s16ib-16
2026-07-01,ram,310538,"Memória Crucial, 8GB, 2666MHz, DDR4, CL19 - CB8GU2666",0.0,967.99,967.99,0,5,1,True,Crucial,Hardware/Memória RAM/DDR 4/2666MHz,Sem Garantia,False,https://www.kabum.com.br/produto/310538/memoria-crucial-8gb-2666mhz-ddr4-cl19-cb8gu2666
2026-07-01,ram,952178,Memória Ram 8GB Ddr4 - Ecc Udimm 2133mhz  Para Servidores Dell Hp Ibm,0.0,759.0,759.0,0,0,0,True,Outros,Hardware/Memória RAM/DDR 4/2133MHz,Sem Garantia,True,https://www.kabum.com.br/produto/952178/memoria-ram-8gb-ddr4-ecc-udimm-2133mhz-para-servidores-dell-hp-ibm
2026-07-01,ram,398842,"Memória ADATA, 8GB, 4800MHz, DDR5 - AD5U48008G S",0.0,1307.68,1242.3,5,0,0,True,Adata,Hardware/Memória RAM/DDR 5,Sem Garantia,False,https://www.kabum.com.br/produto/398842/memoria-adata-8gb-4800mhz-ddr5-ad5u48008g-s
2026-07-01,ram,907371,Memoria Notebook   4gb Ddr3l 1600 Cl 11 1.35v Soddim Sgm4gl1600cl11nb Sgmax,0.0,87.75,76.34,13,5,1,True,Outros,Hardware/Memória RAM/DDR 3,Sem Garantia,False,https://www.kabum.com.br/produto/907371/memoria-notebook-4gb-ddr3l-1600-cl-11-1-35v-soddim-sgm4gl1600cl11nb-sgmax
2026-07-01,ram,951663,"Memória Ram Gamer Desktop 8GB Ddr4 2400mhz, Highlander, Bt-d4-8g-2400, Best Memory",0.0,659.99,659.99,0,0,0,True,BEST MEMORY,Hardware/Memória RAM/DDR 4,Sem Garantia,False,https://www.kabum.com.br/produto/951663/memoria-ram-desktop-8gb-best-memory-ddr4-2400mhz-highlander-bt-d4-8g-2400
2026-07-01,ram,909073,Memória Rise Mode Aura 16GB 3200MHz DDR4 ARGB - RM-D4AW-16G-3200ARGB,0.0,1218.9,1097.01,10,0,0,True,Rise Mode,Hardware/Memória RAM/DDR 4,Sem Garantia,False,https://www.kabum.com.br/produto/909073/memoria-rise-mode-aura-16gb-3200mhz-ddr4-argb-rm-d4aw-16g-3200argb
2026-07-01,ram,435070,"Memória RAM Peg 8GB, DDR4 2400mhz, Desktop",0.0,490.0,490.0,0,0,0,True,Outros,Hardware/Memória RAM/DDR 4,Sem Garantia,False,https://www.kabum.com.br/produto/435070/memoria-ram-peg-8gb-ddr4-2400mhz-desktop
2026-07-01,ram,676353,Memória Ram Notebook Oxybr Ddr5 16gb 4800mhz,0.0,1799.28,1799.28,0,0,0,True,OxyBr,Hardware/Memória RAM/DDR 5,Sem Garantia,False,https://www.kabum.com.br/produto/676353/memoria-ram-notebook-oxybr-ddr5-16gb-4800mhz
2026-07-01,ram,1036779,Memoria Ram Para Notebook Fnx So-dimm 32gb 5600mhz Ddr5 Cl22 Fnx565s46bs8-32g,0.0,2299.0,2299.0,0,0,0,True,Fnx,Hardware/Memória RAM/DDR 5/5600MHz,Sem Garantia,False,https://www.kabum.com.br/produto/1036779/memoria-ram-para-notebook-fnx-so-dimm-32gb-5600mhz-ddr5-cl22-fnx565s46bs8-32g
2026-07-01,ram,677114,Memória Ram Desktop Gamer Ddr3 4gb 1333mhz Hyperx Fury,0.0,159.9,159.9,0,0,0,True,Hyperx,Hardware/Memória RAM/DDR 3,Sem Garantia,False,https://www.kabum.com.br/produto/677114/memoria-ram-desktop-gamer-ddr3-4gb-1333mhz-hyperx-fury
2026-07-01,ram,726156,Memória Ram Netac Shadow Ii C18 Black 8GB Ddr4 3600u - Ntswd4p36sp-08k,0.0,674.26,552.89,18,0,0,True,Netac,Hardware/Memória RAM/DDR 4,Sem Garantia,True,https://www.kabum.com.br/produto/726156/memoria-ram-netac-shadow-ii-c18-black-8gb-ddr4-3600u-ntswd4p36sp-08k
2026-07-01,ram,629975,"Memória Lexar 32gb Ddr4 3200mhz Udimm Cl22 1,2v - Ld4au032g-b3200gsst",0.0,2160.0,2160.0,0,0,0,True,Lexar,Hardware/Memória RAM/DDR 4/3200MHz,Sem Garantia,False,https://www.kabum.com.br/produto/629975/memoria-lexar-32gb-ddr4-3200mhz-udimm-cl22-1-2v-ld4au032g-b3200gsst
2026-07-01,ram,294965,"Memória ADATA 8GB, 3200MHz, DDR4 - AD4U32008G22 SGN",0.0,692.31,657.69,5,0,0,True,Adata,Hardware/Memória RAM/DDR 4,Sem Garantia,False,https://www.kabum.com.br/produto/294965/memoria-adata-8gb-3200mhz-ddr4-ad4u32008g22-sgn
2026-07-01,ram,580549,"Memória para Notebook Zorq, 8GB, 1333MHz, DDR3",0.0,351.99,351.99,0,0,0,True,Outros,Hardware/Memória RAM/DDR 3,Sem Garantia,False,https://www.kabum.com.br/produto/580549/memoria-para-notebook-zorq-8gb-1333mhz-ddr3
2026-07-01,ram,698956,"Memória Ddr4 Redragon Rage,16gb, 3200mhz,preto,gm-708",0.0,1872.77,1535.67,18,5,2,True,Redragon,Hardware/Memória RAM/DDR 4/3200MHz,Sem Garantia,True,https://www.kabum.com.br/produto/698956/memoria-ddr4-redragon-rage-16gb-3200mhz-preto-gm-708
2026-07-01,ram,924175,Memória Ram PC Desktop Ddr3 8GB 1600mhz Value Bt-d3-8g-1600v,0.0,160.34,144.31,10,0,0,True,Outros,Hardware/Memória RAM/DDR 3/1600 Mhz PC12800,Sem Garantia,False,https://www.kabum.com.br/produto/924175/memoria-ram-pc-desktop-ddr3-8gb-1600mhz-value-bt-d3-8g-1600v
2026-07-01,ram,985088,Memoria 16gb Ddr4 Para Hp Proliant Dl20 Ml30 G9,0.0,1999.0,1999.0,0,0,0,True,Outros,Hardware/Memória RAM/DDR 4/2666MHz,Sem Garantia,True,https://www.kabum.com.br/produto/985088/memoria-16gb-ddr4-para-hp-proliant-dl20-ml30-g9
2026-07-01,ram,461439,"Memória Notebook Lexar, 8GB DDR4, 3200mhz - Ld4as008g-b3200gsst",0.0,519.68,426.14,18,0,0,True,Lexar,Hardware/Memória RAM/DDR 4,Sem Garantia,True,https://www.kabum.com.br/produto/461439/memoria-notebook-lexar-8gb-ddr4-3200mhz-ld4as008g-b3200gsst
2026-07-01,ram,532702,"Memória Gamer Dale7 No Limits, 8GB, 2133Mhz, DDR4, Desktop, Azul",0.0,459.89,459.89,0,0,0,True,Outros,Hardware/Memória RAM/DDR 4,Sem Garantia,False,https://www.kabum.com.br/produto/532702/memoria-gamer-dale7-no-limits-8gb-2133mhz-ddr4-desktop-azul
2026-07-01,ram,519199,"Memória Corsair Vengeance Lpx, 32GB, 2x16GB, 3600mhz, DDR4.",0.0,2425.0,2425.0,0,0,0,True,Corsair,Hardware/Memória RAM/DDR 4,Sem Garantia,False,https://www.kabum.com.br/produto/519199/memoria-corsair-vengeance-lpx-32gb-2x16gb-3600mhz-ddr4-
2026-07-01,ram,533063,"Memória Gamer Dale7 No Limits, 16GB, 2400Mhz, DDR4, Desktop, Azul",0.0,668.89,668.89,0,0,0,True,Outros,Hardware/Memória RAM/DDR 4,Sem Garantia,False,https://www.kabum.com.br/produto/533063/memoria-gamer-dale7-no-limits-16gb-2400mhz-ddr4-desktop-azul
2026-07-01,ram,532573,"Memória Gamer Dale7 No Limits, 8GB, 1333Mhz, DDR3, Desktop, Preto",0.0,199.89,199.89,0,0,0,True,Outros,Hardware/Memória RAM/DDR 3,Sem Garantia,False,https://www.kabum.com.br/produto/532573/memoria-gamer-dale7-no-limits-8gb-1333mhz-ddr3-desktop-preto
2026-07-01,ram,661945,"Memória Ddr4 Hiksemi Armor White, 8GB, 3200mhz, Branco - Hsc408u32e2 8g",0.0,631.31,568.18,10,0,0,True,Outros,Hardware/Memória RAM/DDR 4/3200MHz,Sem Garantia,False,https://www.kabum.com.br/produto/661945/memoria-ddr4-hiksemi-armor-white-8gb-3200mhz-branco-hsc408u32e2-8g
2026-07-01,ram,1008347,Memória 16gb Ddr4 Hiksemi Future RGB 3200mhz Preta RGB,0.0,1499.85,1229.88,18,0,0,True,Hiksemi,Hardware/Memória RAM/DDR 4/3200MHz,Sem Garantia,True,https://www.kabum.com.br/produto/1008347/memoria-16gb-ddr4-hiksemi-future-rgb-3200mhz-preta-rgb
2026-07-01,ram,324656,"Memória Ktrok SODIMM, 32GB, 3200MHz, DDR4, Para Notebook",0.0,2322.07,2205.97,5,0,0,True,Ktrok,Hardware/Memória RAM/DDR 4,Sem Garantia,True,https://www.kabum.com.br/produto/324656/memoria-ktrok-sodimm-32gb-3200mhz-ddr4-para-notebook
2026-07-01,ram,753211,Memória Lenovo Isg 32gb 1rx4 Ddr5-4800 4x77a77030 - 4x77a770,0.0,5469.19,5469.19,0,0,0,True,Lenovo,Hardware/Memória RAM/DDR 5,Sem Garantia,False,https://www.kabum.com.br/produto/753211/memoria-lenovo-isg-32gb-1rx4-ddr5-4800-4x77a77030-4x77a770
2026-07-01,ram,1018198,"Smartwatch Haylou Solar Lite 2 Hcr01, Tela AmoLED 1,43, Chamadas, 1 Atm, Assistente De Voz - Preto",0.0,279.9,279.9,0,0,0,True,HAYLOU,Hardware/Memória RAM/DDR 5/4800MHz,Sem Garantia,True,https://www.kabum.com.br/produto/1018198/smartwatch-haylou-solar-lite-2-hcr01-tela-amoled-1-43-chamadas-1-atm-assistente-de-voz-preto
2026-07-01,ram,219814,"Memória RAM de 4GB SODIMM DDR4 2666Mhz 1,2V 1Rx16 para notebook - KVR26S19S6/4",0.0,398.75,338.94,15,0,0,True,Kingston,Hardware/Memória RAM/DDR 4,Sem Garantia,False,https://www.kabum.com.br/produto/219814/memoria-kingston-2666mhz-ddr4-para-notebook-kvr26s19s6-4
2026-07-01,ram,1036690,Memoria Para Notebook Kingston Valueram So-dimm 8GB 1600mhz Ddr3l Cl11 Kvr16ls11 8,0.0,499.0,499.0,0,0,0,True,Kingston,Hardware/Memória RAM/DDR 3/1600 Mhz PC12800,Sem Garantia,False,https://www.kabum.com.br/produto/1036690/memoria-para-notebook-kingston-valueram-so-dimm-8gb-1600mhz-ddr3l-cl11-kvr16ls11-8
2026-07-01,ram,922268,Memoria 32gb Ddr5 5600 Cl46 1.1v 2rx8 Kvr56u46bd8-32 Kingston,0.0,4061.0,3654.9,10,0,0,True,Kingston,Hardware/Memória RAM/DDR 5/5600MHz,Sem Garantia,False,https://www.kabum.com.br/produto/922268/memoria-32gb-ddr5-5600mhz-kingston-cl42-kvr56u46bd8-32
2026-07-01,ram,942054,Testador De Memoria Ram Ddr3 Ddr4 Ddr5 Memory Analyzer Oem,0.0,430.65,374.67,13,0,0,True,OEM,Hardware/Memória RAM/Acessórios,Sem Garantia,False,https://www.kabum.com.br/produto/942054/testador-de-memoria-ram-ddr3-ddr4-ddr5-memory-analyzer-oem
2026-07-01,ram,679465,"Memória Kingston Futy Impact, 16gb, Ddr5, 5600mhz, 1.1v, Cl 40, Notebook - Black - Kf556s40ib-16",0.0,1756.32,1756.32,0,0,0,True,Kingston,Hardware/Memória RAM/DDR 5,Sem Garantia,False,https://www.kabum.com.br/produto/679465/memoria-kingston-futy-impact-16gb-ddr5-5600mhz-1-1v-cl-40-notebook-black-kf556s40ib-16
2026-07-01,ram,405280,"Memoria Adata Xpg Gammix D20, 8GB (1x8GB), Ddr4 3200Mhz, C16preto - Ax4u32008g16a-cbk20",0.0,759.09,759.09,0,0,0,True,Adata,Hardware/Memória RAM/DDR 4/3200MHz,Sem Garantia,False,https://www.kabum.com.br/produto/405280/memoria-adata-xpg-gammix-d20-8gb-1x8gb-ddr4-3200mhz-c16preto-ax4u32008g16a-cbk20
2026-07-01,ram,886389,Memória Ram 8GB Proliant Dl160 Dl180 Dl360 Dl380 Gen9,0.0,889.0,711.2,20,0,0,True,Outros,Hardware/Memória RAM/DDR 4/3200MHz,Sem Garantia,True,https://www.kabum.com.br/produto/886389/memoria-ram-8gb-proliant-dl160-dl180-dl360-dl380-ml30-gen9
2026-07-01,ram,987304,Memoria Desktop Ddr3 8GB Kingston 1600mhz Kvr16n11/8,0.0,159.9,159.9,0,0,0,True,Kingston,Hardware/Memória RAM/DDR 3/1600 Mhz PC12800,Sem Garantia,False,https://www.kabum.com.br/produto/987304/memoria-desktop-ddr3-8gb-kingston-1600mhz-kvr16n11-8
2026-07-01,ram,532770,"Memória Gamer Dale7 No Limit, 4GB, 1866Mhz, DDR3, Desktop, Vermelho",0.0,111.89,111.89,0,0,0,True,Outros,Hardware/Memória RAM/DDR 3,Sem Garantia,False,https://www.kabum.com.br/produto/532770/memoria-gamer-dale7-no-limit-4gb-1866mhz-ddr3-desktop-vermelho
2026-07-01,ram,175119,"Memória Kingston, 16GB, 2666MHz, DDR4, CL19 - KVR26N19D8/16",0.0,935.0,935.0,0,5,4,True,Kingston,Hardware/Memória RAM/DDR 4,Sem Garantia,False,https://www.kabum.com.br/produto/175119/memoria-kingston-16gb-2666mhz-ddr4-cl19-kvr26n19d8-16
2026-07-01,ram,406704,"Memória Crucial, 32GB, 3200MHz, DDR4, Para Notebook - CT32G4SFD832A",0.0,1699.0,1614.05,5,5,1,True,Crucial,Hardware/Memória RAM/DDR 4,Sem Garantia,True,https://www.kabum.com.br/produto/406704/memoria-crucial-32gb-3200mhz-ddr4-para-notebook-ct32g4sfd832a
2026-07-01,ram,674951,Ddr5 64gb 5600mhz Crucial Pro 2x32gb - Cp2k32g56c48u5,0.0,8774.99,8774.99,0,0,0,True,Crucial,Hardware/Memória RAM/DDR 5/5600MHz,Sem Garantia,False,https://www.kabum.com.br/produto/674951/ddr5-64gb-5600mhz-crucial-pro-2x32gb-cp2k32g56c48u5
2026-07-01,ram,532571,"Memória Gamer Dale7 No Limits, 4GB, 1333Mhz, DDR3, Desktop, Vermelho",0.0,111.89,111.89,0,0,0,True,Outros,Hardware/Memória RAM/DDR 3,Sem Garantia,False,https://www.kabum.com.br/produto/532571/memoria-gamer-dale7-no-limits-4gb-1333mhz-ddr3-desktop-vermelho
2026-07-01,ram,883371,Memória Ram 8GB Ecc Poweredge R430 R530 R630 R730 R830 R930,0.0,739.0,739.0,0,0,0,True,Outros,Hardware/Memória RAM/DDR 4/2400MHz,Sem Garantia,True,https://www.kabum.com.br/produto/883371/memoria-ram-8gb-ecc-poweredge-r430-r530-r630-r730-r830-r930
2026-07-01,ram,581112,Memória Ram Black Color 8GB 1 Up Gamer Up2666 Ddr4 Desktop,0.0,421.43,421.43,0,0,0,True,Adata,Hardware/Memória RAM/DDR 4,Sem Garantia,False,https://www.kabum.com.br/produto/581112/memoria-ram-black-color-8gb-1-up-gamer-up2666-ddr4-desktop
2026-07-01,ram,362323,"Memória Kingston, 8GB, 3200MHz, DDR4, CL22 - KVR32N22S6/8",0.0,612.79,502.49,18,0,0,True,Kingston,Hardware/Memória RAM/DDR 4,Sem Garantia,True,https://www.kabum.com.br/produto/362323/memoria-kingston-8gb-3200mhz-ddr4-cl22-kvr32n22s6-8
2026-07-01,ram,697040,Memoria Notebook 8GB Ddr5 5600 Cl46 1.1v Sodimm Kvr56s46bs6-8 Kingston,0.0,1219.0,1219.0,0,5,1,True,Kingston,Hardware/Memória RAM/DDR 5/5600MHz,Sem Garantia,False,https://www.kabum.com.br/produto/697040/memoria-notebook-8gb-ddr5-5600-cl46-1-1v-sodimm-kvr56s46bs6-8-kingston
2026-07-01,ram,564708,"Memória RAM Rise Mode Z, 8GB, 3200MHz, DDR4, CL19, Branco - RM-D4-8G-3200Z",0.0,548.72,471.9,14,0,0,True,Rise Mode,Hardware/Memória RAM/DDR 4,Sem Garantia,False,https://www.kabum.com.br/produto/564708/memoria-rise-mode-z-8gb-3200mhz-ddr4-cl16-branco-rm-d4-8g-3200zw
2026-07-01,ram,264605,"Memória Tob Computers, 4GB, 2400MHz, DDR4 - TOBDDR4/2400-4GB",0.0,259.98,259.98,0,0,0,True,TOB COMPUTERS,Hardware/Memória RAM/DDR 4,Sem Garantia,False,https://www.kabum.com.br/produto/264605/memoria-tob-computers-4gb-2400mhz-ddr4-tobddr4-2400-4gb
2026-07-01,ram,479782,"Memória Ram Oxybr Gamer, 16GB, 4800MHz, DDR5",0.0,1262.11,1135.9,10,1,1,True,OxyBr,Hardware/Memória RAM/DDR 5/4800MHz,Sem Garantia,False,https://www.kabum.com.br/produto/479782/memoria-ram-oxybr-gamer-16gb-4800mhz-ddr5
2026-07-01,ram,429986,"Memória Adata Ad4u320016g22-sgn 16GB, DDR4, 3200mhz",0.0,1608.77,1528.33,5,0,0,True,Adata,Hardware/Memória RAM/DDR 4,Sem Garantia,False,https://www.kabum.com.br/produto/429986/memoria-adata-ad4u320016g22-sgn-16gb-ddr4-3200mhz
2026-07-01,ram,323739,"Memória ADATA Premier, 16GB, 3200MHz, DDR4 - AD4S320016G22 SGN 5271",0.0,899.9,899.9,0,5,1,True,Adata,Hardware/Memória RAM/DDR 4,Sem Garantia,False,https://www.kabum.com.br/produto/323739/memoria-adata-premier-16gb-3200mhz-ddr4-ad4s320016g22-sgn-5271
2026-07-01,ram,1041618,Memória De Notebook 32gb Kingston Kcp556sd8-32 5600mhz Ddr5,0.0,3099.0,3099.0,0,0,0,True,Outros,Hardware/Memória RAM/DDR 5/5600MHz,Sem Garantia,True,https://www.kabum.com.br/produto/1041618/memoria-de-notebook-32gb-kingston-kcp556sd8-32-5600mhz-ddr5
2026-07-01,ram,506169,"Memória RAM Keepdata, 4GB, 1333MHz, DDR3, Para Desktop - Kd13n9/4g",0.0,89.9,89.9,0,0,0,True,KEEPDATA,Hardware/Memória RAM/DDR 3,Sem Garantia,False,https://www.kabum.com.br/produto/506169/memoria-ram-keepdata-4gb-1333mhz-ddr3-para-desktop-kd13n9-4g
2026-07-01,ram,533038,"Memória Dale7, 8GB, 1600Mhz, DDR3L, Notebook, 1.35v",0.0,131.89,131.89,0,0,0,True,Outros,Hardware/Memória RAM/DDR 3,Sem Garantia,False,https://www.kabum.com.br/produto/533038/memoria-dale7-8gb-1600mhz-ddr3l-notebook-1-35v
2026-07-01,ram,904821,Memória Desktop 8GB Ddr3 1600mhz Kingston Kvr16n11/8 Dimm,0.0,281.05,281.05,0,0,0,True,Kingston,Hardware/Memória RAM/DDR 3,Sem Garantia,False,https://www.kabum.com.br/produto/904821/memoria-desktop-8gb-ddr3-1600mhz-kingston-kvr16n11-8-dimm
2026-07-01,ram,989126,Mem 8GB Ddr4 Para Dell Optiplex 3046 3050 5050 7040 Tower Nf,0.0,899.0,854.05,5,0,0,True,Outros,Hardware/Memória RAM/DDR 4/2666MHz,Sem Garantia,True,https://www.kabum.com.br/produto/989126/mem-8gb-ddr4-para-dell-vostro-3267-3268-3660-3667-3668-3669
2026-07-01,ram,886365,Memória Ram 16gb Ddr3 1600mhz 12800r Para System X,0.0,452.0,452.0,0,0,0,True,Outros,Hardware/Memória RAM/DDR 3/1600 Mhz PC12800,Sem Garantia,True,https://www.kabum.com.br/produto/886365/memoria-ram-16gb-ddr3-1600mhz-12800r-para-system-x
2026-07-01,ram,533224,"Memória Gamer Dale7 No Limits, 4GB, 1600Mhz, DDR3, Desktop, Preto",0.0,111.89,111.89,0,0,0,True,Outros,Hardware/Memória RAM/DDR 3,Sem Garantia,False,https://www.kabum.com.br/produto/533224/memoria-gamer-dale7-no-limits-4gb-1600mhz-ddr3-desktop-preto
2026-07-01,ram,878689,Memória Ram 16gb Ddr4 Ecc Dell Poweredge T430 - T440 - T630,0.0,859.0,859.0,0,0,0,True,Outros,Hardware/Memória RAM/DDR 4/2133MHz,Sem Garantia,True,https://www.kabum.com.br/produto/878689/memoria-ram-16gb-ddr4-ecc-dell-poweredge-t430-t440-t630
2026-07-01,ram,479367,"Memória Keepdata, 8GB, 1333MHz, DDR3, Para Desktop - Kd13n9/8g",0.0,167.96,167.96,0,0,0,True,KEEPDATA,Hardware/Memória RAM/DDR 3,Sem Garantia,False,https://www.kabum.com.br/produto/479367/memoria-keepdata-8gb-1333mhz-ddr3-para-desktop-kd13n9-8g
2026-07-01,ram,1027226,"Mem?ria Kingston Fury Beast, RGB, 16gb, 6800mhz, Ddr5, Preto - Kf568c34bbea/16",0.0,2352.9,2352.9,0,5,1,True,Kingston,Hardware/Memória RAM/DDR 5/6200MHz,Sem Garantia,False,https://www.kabum.com.br/produto/1027226/mem-ria-kingston-fury-beast-rgb-16gb-6800mhz-ddr5-preto-kf568c34bbea-16
2026-07-01,ram,906024,Memória Ram Kingston 8GB Ddr4 2666mhz Kvr26n19s8/8 Dimm – Desktop,0.0,644.9,599.76,7,0,0,True,Kingston,Hardware/Memória RAM/DDR 4/2666MHz,Sem Garantia,False,https://www.kabum.com.br/produto/906024/memoria-ram-kingston-8gb-ddr4-2666mhz-kvr26n19s8-8-dimm-desktop
2026-07-01,ram,533054,"Memória Gamer Dale7 No Limits, 8GB, 1600Mhz, DDR3, Desktop, Branco",0.0,199.89,199.89,0,0,0,True,Outros,Hardware/Memória RAM/DDR 3,Sem Garantia,False,https://www.kabum.com.br/produto/533054/memoria-gamer-dale7-no-limits-8gb-1600mhz-ddr3-desktop-branco
2026-07-01,ram,533032,"Memória Dale7, 2GB, 667Mhz, DDR2, Notebook, 1.8v",0.0,58.89,58.89,0,0,0,True,Outros,Hardware/Memória RAM/DDR 2,Sem Garantia,False,https://www.kabum.com.br/produto/533032/memoria-dale7-2gb-667mhz-ddr2-notebook-1-8v
2026-07-01,ram,531286,"Memória Redragon Solar, 8GB, 3600mhz, RGB, DDR4, Dimm Amd/intel - Gm-805",0.0,849.99,764.99,10,0,0,True,Redragon,Hardware/Memória RAM/DDR 4,Sem Garantia,False,https://www.kabum.com.br/produto/531286/memoria-redragon-solar-8gb-3600mhz-rgb-ddr4-dimm-amd-intel-gm-805
2026-07-01,ram,495635,"Memória Xpg Spectrix D35, 8GB, 1x8GB, 3200mhz, DDR4, Preto",0.0,834.97,768.17,8,5,1,True,XPG,Hardware/Memória RAM/DDR 4,Sem Garantia,False,https://www.kabum.com.br/produto/495635/memoria-xpg-spectrix-d35-8gb-1x8gb-3200mhz-ddr4-preto
2026-07-01,ram,505571,"Memória Crucial, 32GB, 5600MHz, DDR5, Para Notebook - Ct16g56c46s5",0.0,4719.99,4719.99,0,0,0,True,Crucial,Hardware/Memória RAM/DDR 5/5600MHz,Sem Garantia,False,https://www.kabum.com.br/produto/505571/memoria-crucial-32gb-5600mhz-ddr5-para-notebook-ct16g56c46s5
2026-07-01,ram,1021515,Memoria 8GB Ddr3 Para Hp Proliant Ml10 V2 Ml310e G8,0.0,650.0,650.0,0,0,0,True,Outros,Hardware/Memória RAM/DDR 3/1600 Mhz PC12800,Sem Garantia,False,https://www.kabum.com.br/produto/1021515/memoria-8gb-ddr3-para-hp-proliant-ml10-v2-ml310e-g8
2026-07-01,ram,149861,"Memória Crucial UDIMM, 8GB, 2666MHz, DDR4 - CT8G4DFRA266",0.0,599.9,599.9,0,0,0,True,Crucial,Hardware/Memória RAM/DDR 4,Sem Garantia,False,https://www.kabum.com.br/produto/149861/memoria-crucial-udimm-8gb-2666mhz-ddr4-ct8g4dfra266
2026-07-01,ram,905825,Memória Ram Kingston 8GB Ddr3 1600mhz Kvr16n11/8g 1.5v Dimm – Desktop,0.0,154.9,144.06,7,0,0,True,Kingston,Hardware/Memória RAM/DDR 3/1600 Mhz PC12800,Sem Garantia,False,https://www.kabum.com.br/produto/905825/memoria-ram-kingston-8gb-ddr3-1600mhz-kvr16n11-8g-1-5v-dimm-desktop
2026-07-01,ram,384801,"Memória Corsair Vengeance, 8GB, 3200MHz - CMK8GX4M1E3200C16 LPX.",0.0,744.0,744.0,0,0,0,True,Corsair,Hardware/Memória RAM/DDR 4,Sem Garantia,False,https://www.kabum.com.br/produto/384801/memoria-corsair-vengeance-8gb-3200mhz-cmk8gx4m1e3200c16-lpx
2026-07-01,ram,995037,Memória 4gb Ddr3 1333mhz Dell Para Servidores -  Snp9j5wfc/4g,0.0,216.91,216.91,0,0,0,True,Dell,Hardware/Memória RAM/DDR 3,Sem Garantia,False,https://www.kabum.com.br/produto/995037/memoria-4gb-ddr3-1333mhz-dell-para-servidores-snp9j5wfc-4g
2026-07-01,ram,533059,"Memória Gamer Dale7 No Limits, 8GB, 2400Mhz, DDR4, Desktop, Branco",0.0,459.89,459.89,0,0,0,True,Outros,Hardware/Memória RAM/DDR 4,Sem Garantia,False,https://www.kabum.com.br/produto/533059/memoria-gamer-dale7-no-limits-8gb-2400mhz-ddr4-desktop-branco
2026-07-01,ram,532764,"Memória Gamer Dale7 No Limit, 4GB, 1866Mhz, DDR3, Desktop, Azul",0.0,111.89,111.89,0,0,0,True,Outros,Hardware/Memória RAM/DDR 3,Sem Garantia,False,https://www.kabum.com.br/produto/532764/memoria-gamer-dale7-no-limit-4gb-1866mhz-ddr3-desktop-azul
2026-07-01,ram,496117,"Memória RAM Kingston Fury Renegade, RGB, 16GB, DDR4, (2x8GB), 3600MHz, CL16, Preto - KF436C16RB2AK2/16",2317.53,2317.53,1969.9,15,5,8,True,Kingston,Hardware/Memória RAM/DDR 4/3600MHz,10 anos de garantia (3 meses de garantia legal + 117 meses de garantia contratual junto ao fabricante),False,https://www.kabum.com.br/produto/496117/memoria-ram-kingston-fury-renegade-rgb-16gb-ddr4-2x8gb-3600mhz-cl16-preto-kf436c16rb2ak2-16
2026-07-01,ram,616597,"Memória RAM Kingston Fury Beast Expo, 16GB, 6800MT/s DDR5, DIMM, CL34, Preto - KF568C34BBE-16",0.0,2964.59,2519.9,15,5,1,True,Kingston,Hardware/Memória RAM/DDR 5,10 anos de garantia (3 meses de garantia legal + 117 meses de garantia contratual junto ao fabricante),False,https://www.kabum.com.br/produto/616597/memoria-ram-kingston-fury-beast-expo-16gb-6800mt-s-ddr5-dimm-cl34-preto-kf568c34bbe-16
2026-07-01,ram,532767,"Memória Gamer Dale7 No Limit, 8GB, 1866Mhz, DDR3, Desktop, Azul",0.0,199.89,199.89,0,0,0,True,Outros,Hardware/Memória RAM/DDR 3,Sem Garantia,False,https://www.kabum.com.br/produto/532767/memoria-gamer-dale7-no-limit-8gb-1866mhz-ddr3-desktop-azul
2026-07-01,ram,904866,Memoria Fnx Note 8GB Ddr3 1600 Mhz Fnx16ls11/8g,0.0,299.0,299.0,0,0,0,True,Fnx,Hardware/Memória RAM/DDR 3/1600 Mhz PC12800,Sem Garantia,False,https://www.kabum.com.br/produto/904866/memoria-fnx-note-8gb-ddr3-1600-mhz-fnx16ls11-8g
2026-07-01,ram,1005585,Memoria 32gb Ddr4 Lenovo Thinksystem Sr530 Sr550 Sr570,0.0,2399.0,2399.0,0,0,0,True,Outros,Hardware/Memória RAM/DDR 4/2933MHz,Sem Garantia,True,https://www.kabum.com.br/produto/1005585/memoria-32gb-ddr4-lenovo-thinksystem-sr530-sr550-sr570
2026-07-01,ram,987385,Memória Notebook Ddr4 8GB Kingston 3200mhz Kvr32s2,0.0,599.9,479.92,20,0,0,True,Kingston,Hardware/Memória RAM/DDR 4/2666MHz,Sem Garantia,True,https://www.kabum.com.br/produto/987385/memoria-notebook-ddr4-8gb-kingston-3200mhz-kvr32s2
2026-07-01,ram,693896,"Memória Ram Desktop 4gb, 2400mhz, Ddr4, U-dimm Walram, Preta",0.0,329.99,329.99,0,0,0,True,Walram,Hardware/Memória RAM/DDR 4/2400MHz,Sem Garantia,False,https://www.kabum.com.br/produto/693896/memoria-ram-desktop-4gb-2400mhz-ddr4-u-dimm-walram-preta
2026-07-01,ram,467663,"Memória Crucial, 4GB, 1333mhz, DDR3, 1.5v",0.0,159.9,159.9,0,0,0,True,Crucial,Hardware/Memória RAM/DDR 3/1333 Mhz PC10666,Sem Garantia,False,https://www.kabum.com.br/produto/467663/memoria-crucial-4gb-1333mhz-ddr3-1-5v
2026-07-01,ram,1027899,Memoria Ram Ddr4 4gb 2666mhz Box X-linne,0.0,248.85,248.85,0,0,0,True,X-Linne,Hardware/Memória RAM/DDR 3/1600 Mhz PC12800,Sem Garantia,False,https://www.kabum.com.br/produto/1027899/memoria-pc-ddr4-4gb-2666mhz-box-x-linne
2026-07-01,ram,614544,Memória Para Notebook Patriot Viper Steel 16gb 3200mhz Ddr4 Cl18 Preto,0.0,1643.25,1561.09,5,0,0,True,Patriot,Hardware/Memória RAM/DDR 4,Sem Garantia,False,https://www.kabum.com.br/produto/614544/memoria-para-notebook-patriot-viper-steel-16gb-3200mhz-ddr4-cl18-preto
2026-07-01,ram,725458,Memória Ram Para Desktop Gamer Ddr3 8GB 1600mhz Corsair,0.0,289.9,289.9,0,0,0,True,Corsair,Hardware/Memória RAM/DDR 3,Sem Garantia,False,https://www.kabum.com.br/produto/725458/memoria-ram-para-desktop-gamer-ddr3-8gb-1600mhz-corsair
2026-07-01,ram,533042,"Memória Gamer Dale7 No Limits, 16GB, 2666Mhz, DDR4, Desktop, Branco",0.0,668.89,668.89,0,0,0,True,Outros,Hardware/Memória RAM/DDR 4,Sem Garantia,False,https://www.kabum.com.br/produto/533042/memoria-gamer-dale7-no-limits-16gb-2666mhz-ddr4-desktop-branco
2026-07-01,ram,679645,Memoria 4gb Ddr3 1600mhz Hiksemi Hiker Hsc304s16z1 - Notebook,0.0,115.5,94.71,18,0,0,True,Hiksemi,Hardware/Memória RAM/DDR 3,Sem Garantia,True,https://www.kabum.com.br/produto/679645/memoria-4gb-ddr3-1600mhz-hiksemi-hiker-hsc304s16z1-notebook
2026-07-01,ram,954814,Memória Ram Ddr4 16gb 2666mhz Westgatte Notebook,0.0,859.0,859.0,0,0,0,True,Outros,Hardware/Memória RAM/DDR 4/2666MHz,Sem Garantia,False,https://www.kabum.com.br/produto/954814/memoria-ram-ddr4-16gb-2666mhz-westgatte-notebook
2026-07-01,ram,591693,Memória Notebook Ddr4 8GB Kingston 3200mhz Kvr32s2,0.0,795.57,755.79,5,0,0,True,OEM,Hardware/Memória RAM/DDR 4,Sem Garantia,False,https://www.kabum.com.br/produto/591693/memoria-desktop-ddr4-8gb-kingston-2666mhz-kvr26
2026-07-01,ram,878686,Memória Ram 16gb Ddr4 Ecc Dell Precision T5810 T7810 T7910,0.0,859.0,859.0,0,0,0,True,Outros,Hardware/Memória RAM/DDR 4/2133MHz,Sem Garantia,True,https://www.kabum.com.br/produto/878686/memoria-ram-16gb-ddr4-ecc-dell-precision-t5810-t7810-t7910
2026-07-01,ram,998374,Memoria Gamer Oxybr 16gb Ddr5 5600mhz,0.0,1274.33,1146.9,10,0,0,True,Outros,Hardware/Memória RAM/DDR 5/5600MHz,Sem Garantia,False,https://www.kabum.com.br/produto/998374/memoria-gamer-oxybr-16gb-ddr5-5600mhz
2026-07-01,ram,1044382,Memoria Para Notebook Ddr4 16gb 3200mhz Prosetup Avanshare,0.0,600.0,540.0,10,0,0,True,Prosetup,Hardware/Memória RAM/DDR 4/3200MHz,Sem Garantia,False,https://www.kabum.com.br/produto/1044382/memoria-para-notebook-ddr4-16gb-3200mhz-prosetup-avanshare
2026-07-01,ram,1047808,"Memória Notebook, Ram Kingston 8GB, 3.200 Mhz Ddr4 Kvr32s22s/8",0.0,539.9,496.71,8,0,0,True,Kingston,Hardware/Memória RAM/DDR 4/3200MHz,Sem Garantia,False,https://www.kabum.com.br/produto/1047808/memoria-notebook-ram-kingston-8gb-3-200-mhz-ddr4-kvr32s22s-8
2026-07-01,ram,700134,Memoria  8GB Ddr4 3200 Cl16 1.35v Desktop Redragon Rage Gm-707 Redragon,0.0,742.52,608.87,18,5,1,True,Redragon,Hardware/Memória RAM/DDR 4,Sem Garantia,True,https://www.kabum.com.br/produto/700134/memoria-redragon-rage-8gb-3200mhz-ddr4-cl16-preto-gm-707
2026-07-01,ram,475135,"Memória Kingston Fury RGB, 16GB, 5200MHz, DDR5, CL40, Preto - Kf552c40bba-16",0.0,2045.0,2045.0,0,3,2,True,Kingston,Hardware/Memória RAM/DDR 5/5200MHz,Sem Garantia,False,https://www.kabum.com.br/produto/475135/memoria-kingston-fury-rgb-16gb-5200mhz-ddr5-cl40-preto-kf552c40bba-16
2026-07-01,ram,903746,Memória 8gb Ddr3 1600 Cl 11 1.35V Desktop UDIMM SGM8G1600CL11D SGMAX,0.0,140.4,122.15,13,0,0,True,Outros,Hardware/Memória RAM/DDR 3,Sem Garantia,False,https://www.kabum.com.br/produto/903746/memoria-8gb-ddr3-1600-cl-11-1-5v-desktop-udimm-sgm8g1600cl11d-sgmax
2026-07-01,ram,237374,"Memória Crucial Ballistix, 8GB, 3200MHz, DDR4, CL16, Preto",0.0,549.9,549.9,0,0,0,True,Crucial,Hardware/Memória RAM/DDR 4,Sem Garantia,False,https://www.kabum.com.br/produto/237374/memoria-crucial-ballistix-8gb-3200mhz-ddr4-cl16-preto
2026-07-01,ram,355887,"Memória Crucial SODIMM, 32GB, 3200MHz, DDR4, Para Notebook - CT32G4SFD832A",0.0,2220.92,2220.92,0,0,0,True,Crucial,Hardware/Memória RAM/DDR 4/3200MHz,Sem Garantia,False,https://www.kabum.com.br/produto/355887/memoria-crucial-sodimm-32gb-3200mhz-ddr4-para-notebook-ct32g4sfd832a
2026-07-01,ram,379525,"Memória NTC, 8GB, 2666MHz, DDR4, Para Notebook - NTCKF2666ND4-8GB",0.0,738.9,657.62,11,0,0,True,NTC,Hardware/Memória RAM/DDR 4,Sem Garantia,False,https://www.kabum.com.br/produto/379525/memoria-ntc-8gb-2666mhz-ddr4-para-notebook-ntckf2666nd4-8gb
2026-07-01,ram,173961,"Memória Kingston, 8GB, 1600MHz, DDR3, CL11 - KVR16LN11-8",0.0,189.99,189.99,0,0,0,True,Kingston,Hardware/Memória RAM/DDR 3,Sem Garantia,False,https://www.kabum.com.br/produto/173961/memoria-kingston-8gb-1600mhz-ddr3-cl11-kvr16ln11-8
2026-07-01,ram,991927,Memória Sodimm 16gb Ddr5 4800mhz - Para Notebook Acer - Oem,0.0,2629.99,2366.99,10,0,0,True,Outros,Hardware/Memória RAM/DDR 5/4800MHz,Sem Garantia,False,https://www.kabum.com.br/produto/991927/memoria-sodimm-16gb-ddr5-4800mhz-para-notebook-acer-oem
2026-07-01,ram,692213,Memória Kingston 8GB Ddr4 3200mhz Kvr32n22s8l/8,0.0,526.49,526.49,0,0,0,True,Kingston,Hardware/Memória RAM/DDR 4/3200MHz,Sem Garantia,False,https://www.kabum.com.br/produto/692213/memoria-kingston-8gb-ddr4-3200mhz-kvr32n22s8l-8
2026-07-01,ram,505679,"Memória Kingston 32GB, 6000mhz, DDR5, Fury Beast, Preto - Kf560c40bb/32",0.0,3778.2,3778.2,0,0,0,True,Outros,Hardware/Memória RAM/DDR 5,Sem Garantia,False,https://www.kabum.com.br/produto/505679/memoria-kingston-32gb-6000mhz-ddr5-fury-beast-preto-kf560c40bb-32
2026-07-01,ram,957184,Memoria 8GB Ddr4 Para Dell Vostro 3470 3267 3268 Small,0.0,899.0,854.05,5,0,0,True,Outros,Hardware/Memória RAM/DDR 4/2666MHz,Sem Garantia,True,https://www.kabum.com.br/produto/957184/memoria-8gb-ddr4-para-dell-vostro-3470-3267-3268-small
2026-07-01,ram,325987,"Memória Crucial, 8GB, 1600MHz, DDR3, Para Notebook",0.0,269.9,269.9,0,0,0,True,Crucial,Hardware/Memória RAM/DDR 3/1600 Mhz PC12800,Sem Garantia,False,https://www.kabum.com.br/produto/325987/memoria-crucial-8gb-1600mhz-ddr3-para-notebook
2026-07-01,ram,401522,"Memória NTC, 8GB, 1600MHz, DDR3, Para Notebook - NTCKF1600ND3-8GB",0.0,235.9,209.95,11,5,2,True,NTC,Hardware/Memória RAM/DDR 3/1600 Mhz PC12800,Sem Garantia,False,https://www.kabum.com.br/produto/401522/memoria-ntc-8gb-1600mhz-ddr3-para-notebook-ntckf1600nd3-8gb
2026-07-01,ram,1008735,Memória Ram Ddr4 8GB 2666mhz Notebook Kingston,0.0,459.0,459.0,0,0,0,True,Kingston,Hardware/Memória RAM/DDR 4/3200MHz,Sem Garantia,False,https://www.kabum.com.br/produto/1008735/memoria-ram-ddr4-8gb-2666mhz-notebook-kingston
2026-07-01,ram,444055,"Memória Patriot, 16GB, 3200mhz, Ddr4, para Notebook - Psd416g32002s",0.0,1518.29,1396.83,8,0,0,True,Patriot,Hardware/Memória RAM/DDR 4/3200MHz,Sem Garantia,False,https://www.kabum.com.br/produto/444055/memoria-patriot-16gb-3200mhz-ddr4-para-notebook-psd416g32002s
2026-07-01,ram,285968,"Memória RAM Kingston Fury Beast, 32GB (2x16GB), 5600MHz, DDR5, CL40, para Intel XMP, Preto - KF556C40BBK2-32",0.0,4741.06,4029.9,15,5,11,True,Kingston,Hardware/Memória RAM/DDR 5,10 anos de garantia (3 meses de garantia legal + 117 meses de garantia contratual junto ao fabricante),False,https://www.kabum.com.br/produto/285968/memoria-ram-kingston-fury-beast-32gb-2x16gb-5600mhz-ddr5-cl40-para-intel-xmp-preto-kf556c40bbk2-32
2026-07-01,ram,77313,"Memória RAM Para Notebook Kingston, 4GB, 1600MHz, DDR3, CL11 - KCP3L16SS8/4",0.0,372.93,316.99,15,5,109,True,Kingston,Hardware/Memória RAM/DDR 3,1 ano de garantia (3 meses de garantia legal + 9 meses de garantia contratual junto ao fabricante),False,https://www.kabum.com.br/produto/77313/memoria-ram-para-notebook-kingston-4gb-1600mhz-ddr3-cl11-kcp3l16ss8-4
2026-07-01,ram,156594,"Memória XPG Spectrix D41, 8GB, 3200MHz, DDR4, RGB, CL 16, Cinza - AX4U32008G16A-ST41",0.0,689.78,586.31,15,5,13,True,XPG,Hardware/Memória RAM/DDR 4/3200MHz,10 anos de garantia (3 meses de garantia legal + 117 meses de garantia contratual junto ao fabricante),False,https://www.kabum.com.br/produto/156594/memoria-xpg-spectrix-d41-8gb-3200mhz-ddr4-rgb-cl-16-cinza-ax4u32008g16a-st41
2026-07-01,ram,448309,"Memória RAM Kingston Fury Beast, RGB, 64GB (2x32GB), 6000MHz, DDR5, CL36, Branco - KF560C36BWEAK2-64",9764.69,9764.69,8299.99,15,5,20,True,Kingston,Hardware/Memória RAM/DDR 5,10 anos de garantia (3 meses de garantia legal + 117 meses de garantia contratual junto ao fabricante),False,https://www.kabum.com.br/produto/448309/memoria-ram-kingston-fury-beast-rgb-64gb-2x32gb-6000mhz-ddr5-cl36-branco-kf560c36bweak2-64
2026-07-01,ram,474946,"Memória RAM XPG Spectrix D35G, RGB, 16GB, 3200MHz, DDR4, CL16, Preto - AX4U320016G16A-SBKD35G",0.0,1264.96,1075.22,15,5,436,True,XPG,Hardware/Memória RAM/DDR 4,10 anos de garantia (3 meses de garantia legal + 117 meses de garantia contratual junto ao fabricante),False,https://www.kabum.com.br/produto/474946/memoria-ram-xpg-spectrix-d35g-rgb-16gb-3200mhz-ddr4-cl16-preto-ax4u320016g16a-sbkd35g
2026-07-01,ram,532769,"Memória Gamer Dale7 No Limit, 4GB, 1866Mhz, DDR3, Desktop, Preto",0.0,111.89,111.89,0,0,0,True,Outros,Hardware/Memória RAM/DDR 3,Sem Garantia,False,https://www.kabum.com.br/produto/532769/memoria-gamer-dale7-no-limit-4gb-1866mhz-ddr3-desktop-preto
2026-07-01,ram,533056,"Memória Gamer Dale7 No Limits, 4GB, 1600Mhz, DDR3, Desktop, Azul",0.0,111.89,111.89,0,0,0,True,Outros,Hardware/Memória RAM/DDR 3,Sem Garantia,False,https://www.kabum.com.br/produto/533056/memoria-gamer-dale7-no-limits-4gb-1600mhz-ddr3-desktop-azul
2026-07-01,ram,519224,"Memória Para Notebook Keepdata, 4GB, 1600MHz, DDR3L - Kd16ls11/4g",0.0,109.19,109.19,0,0,0,True,Outros,Hardware/Memória RAM/DDR 3,Sem Garantia,False,https://www.kabum.com.br/produto/519224/memoria-para-notebook-keepdata-4gb-1600mhz-ddr3l-kd16ls11-4g
2026-07-01,ram,1012427,Memoria Notebook  16gb Ddr4 3200 Cl22 1.2v Soddim Sgm16gl3200cl22nb Sgmax,0.0,648.0,563.76,13,0,0,True,Outros,Hardware/Memória RAM/DDR 4/3200MHz,Sem Garantia,False,https://www.kabum.com.br/produto/1012427/memoria-notebook-16gb-ddr4-3200-cl22-1-2v-soddim-sgm16gl3200cl22nb-sgmax
2026-07-01,ram,914680,Memória Ram 8GB Ddr4 2666mhz Sodimm Cb8gs2666  – Crucial,0.0,702.9,667.76,5,0,0,True,Crucial,Hardware/Memória RAM/DDR 4/2666MHz,Sem Garantia,False,https://www.kabum.com.br/produto/914680/memoria-ram-8gb-ddr4-2600mhz-sodimm-cb8gs2666-crucial
2026-07-01,ram,533341,"Memória Gamer Dale7 No Limits, 8GB, 1600Mhz, DDR3, Desktop, Vermelho",0.0,199.89,199.89,0,0,0,True,Outros,Hardware/Memória RAM/DDR 3,Sem Garantia,False,https://www.kabum.com.br/produto/533341/memoria-gamer-dale7-no-limits-8gb-1600mhz-ddr3-desktop-vermelho
2026-07-01,ram,166891,"Memória Memory One, 1GB, 400MHz, DDR - PC3200",0.0,195.99,176.39,10,1,1,True,Memory one,Hardware/Memória RAM,Sem Garantia,False,https://www.kabum.com.br/produto/166891/memoria-memory-one-1gb-400mhz-ddr-pc3200
2026-07-01,ram,380696,"Memória Patriot Signature Line, 16GB, 3200MHz, DDR4, CL22, 1.2V - PSD416G32002",0.0,1597.28,1517.42,5,0,0,True,Patriot,Hardware/Memória RAM/DDR 4,Sem Garantia,False,https://www.kabum.com.br/produto/380696/memoria-patriot-signature-line-16gb-3200mhz-ddr4-cl22-1-2v-psd416g32002
2026-07-01,ram,575910,"Memória Kingston Fury Beast, 32gb, Ddr5, 5600mt/s, 1.25v, Cl 40, RGB, Desktop - Black - Kf556c40bba-32",0.0,3875.0,3875.0,0,0,0,True,Kingston,Hardware/Memória RAM/DDR 5,Sem Garantia,False,https://www.kabum.com.br/produto/575910/memoria-kingston-fury-beast-32gb-ddr5-5600mt-s-1-25v-cl-40-rgb-desktop-black-kf556c40bba-32
2026-07-01,ram,943844,"Memória XPG Spectrix D35G, 8GB, RGB, DDR4, 3200 Mhz, CL16, Preto - AX4U32008G16A-SBKD35G",0.0,668.01,567.81,15,5,66,True,XPG,Hardware/Memória RAM/DDR 4/3200MHz,10 anos de garantia (3 meses de garantia legal + 117 meses de garantia contratual junto ao fabricante),False,https://www.kabum.com.br/produto/943844/memoria-xpg-spectrix-d35g-8gb-rgb-ddr4-3200-mhz-cl16-preto-ax4u32008g16a-sbkd35g
2026-07-01,ram,1039254,Memoria Desktop Ddr3 4gb Keepdata 1600mhz Kd16n11,0.0,89.9,89.9,0,0,0,True,KEEPDATA,Hardware/Memória RAM/DDR 3/1600 Mhz PC12800,Sem Garantia,False,https://www.kabum.com.br/produto/1039254/memoria-desktop-ddr3-4gb-keepdata-1600mhz-kd16n11
2026-07-01,ram,452735,"Memória RAM Kingston Fury Beast, 128GB (4x32GB), 5600MHz, DDR5, CL40,para Intel XMP, Branco - KF556C40BWK4-128",16117.53,16117.53,13699.9,15,4,2,True,Kingston,Hardware/Memória RAM/DDR 5,10 anos de garantia (3 meses de garantia legal + 117 meses de garantia contratual junto ao fabricante),False,https://www.kabum.com.br/produto/452735/memoria-ram-kingston-fury-beast-128gb-4x32gb-5600mhz-ddr5-cl40-para-intel-xmp-branco-kf556c40bwk4-128
2026-07-01,ram,1024946,Memória Kingston Fury Beast 32gb Ddr5 6000mhz Cl36 Kf560c36bbe2/32,0.0,4176.48,4176.48,0,0,0,True,Kingston,Hardware/Memória RAM/DDR 5/6000MHz,Sem Garantia,False,https://www.kabum.com.br/produto/1024946/memoria-kingston-fury-beast-32gb-ddr5-6000mhz-cl36-kf560c36bbe2-32
2026-07-01,ram,780608,Memoria Notebook  16gb Ddr5 5600 Cl46 1.1v Soddim Kcp556ss8-16 Kingston,0.0,2037.37,1670.64,18,0,0,True,Kingston,Hardware/Memória RAM/DDR 5,Sem Garantia,True,https://www.kabum.com.br/produto/780608/memoria-notebook-16gb-ddr5-5600-cl46-1-1v-soddim-kcp556ss8-16-kingston
2026-07-01,ram,909765,Memória Desktop Ddr4 8GB Macrovip Max 3200mhz Mvx32,0.0,600.0,600.0,0,0,0,True,MACROVIP,Hardware/Memória RAM/DDR 4,Sem Garantia,False,https://www.kabum.com.br/produto/909765/memoria-desktop-ddr4-8gb-macrovip-max-3200mhz-mvx32
2026-07-01,ram,480547,"Memória RAM Kingston Fury Beast, RGB, 128GB (4x32GB), 3600MHz, DDR4, CL17, Preto - KF436C18BB2AK4/128",12352.82,12352.82,10499.9,15,5,1,True,Kingston,Hardware/Memória RAM/DDR 4,10 anos de garantia (3 meses de garantia legal + 117 meses de garantia contratual junto ao fabricante),False,https://www.kabum.com.br/produto/480547/memoria-ram-kingston-fury-beast-rgb-128gb-4x32gb-3600mhz-ddr4-cl17-preto-kf436c18bb2ak4-128
2026-07-01,ram,309666,"Memória Kingston, 16GB, 3200MHz, DDR4, CL22 - KVR32N22D8/16",0.0,784.15,744.94,5,1,1,True,Kingston,Hardware/Memória RAM/DDR 4/3200MHz,Sem Garantia,False,https://www.kabum.com.br/produto/309666/memoria-kingston-16gb-3200mhz-ddr4-cl22-kvr32n22d8-16
2026-07-01,ram,1053024,"Memória Ram Kingston Fury HyperX, 8GB, 2666MHz, DDR4 - P/ Desktop",0.0,549.9,505.91,8,0,0,True,Kingston,Hardware/Memória RAM/DDR 4/2666MHz,Sem Garantia,True,https://www.kabum.com.br/produto/1053024/memoria-ram-kingston-hyperx-fury-8gb-ddr4-2666mhz-desktop
2026-07-01,ram,992427,Memória Para PC Samsung Server Ecc 16gb 2666mhz Udimm Ddr4 (sem Embalagem) - 6982,0.0,1300.0,1300.0,0,0,0,True,Samsung,Hardware/Memória RAM/DDR 4/2666MHz,Sem Garantia,False,https://www.kabum.com.br/produto/992427/memoria-para-pc-samsung-server-ecc-16gb-2666mhz-udimm-ddr4-sem-embalagem-6982
2026-07-01,ram,532593,"Memória Gamer Dale7 No Limits, 16GB, 2133Mhz, DRR4, Desktop, Branco",0.0,668.89,668.89,0,5,1,True,Outros,Hardware/Memória RAM/DDR 4,Sem Garantia,False,https://www.kabum.com.br/produto/532593/memoria-gamer-dale7-no-limits-16gb-2133mhz-drr4-desktop-branco
2026-07-01,ram,533031,"Memória Dale7, 2GB, 533Mhz, DDR2, Desktop, 1.8v",0.0,63.89,63.89,0,0,0,True,Outros,Hardware/Memória RAM/DDR 2,Sem Garantia,False,https://www.kabum.com.br/produto/533031/memoria-dale7-2gb-533mhz-ddr2-desktop-1-8v
2026-07-01,ram,284194,"Memória ADATA SODIMM, 16GB, 2666MHz, DDR4, Para Notebook - AD4S2666316G19 S - 42CM2",0.0,849.9,849.9,0,0,0,True,Adata,Hardware/Memória RAM/DDR 4,Sem Garantia,False,https://www.kabum.com.br/produto/284194/memoria-adata-sodimm-16gb-2666mhz-ddr4-para-notebook-ad4s2666316g19-s-42cm2
2026-07-01,ram,532766,"Memória Gamer Dale7 No Limit, 4GB, 1866Mhz, DDR3, Desktop, Branco",0.0,111.89,111.89,0,0,0,True,Outros,Hardware/Memória RAM/DDR 3,Sem Garantia,False,https://www.kabum.com.br/produto/532766/memoria-gamer-dale7-no-limit-4gb-1866mhz-ddr3-desktop-branco
2026-07-01,ram,270589,"Memória Kingston Fury Impact SODIMM, 16GB, 2666MHz, DDR4, CL15, Para Notebook - KF426S15IB1/16",0.0,799.9,799.9,0,5,5,True,Kingston,Hardware/Memória RAM/DDR 4,Sem Garantia,False,https://www.kabum.com.br/produto/270589/memoria-kingston-fury-impact-sodimm-16gb-2666mhz-ddr4-cl15-para-notebook-kf426s15ib1-16
2026-07-01,ram,507865,"Memória Servidor Storage Qnap 16GB, DDR4, 2400mhz Udimm",0.0,2247.9,2157.98,4,0,0,True,Qnap,Hardware/Memória RAM/DDR 4/2400MHz,Sem Garantia,False,https://www.kabum.com.br/produto/507865/memoria-servidor-storage-qnap-16gb-ddr4-2400mhz-udimm
2026-07-01,ram,512397,"Memória Gamer Xpg Spectrix D35g 16GB, RGB, DDR4, 3200 Mhz, Branco - Ax4u320016g16a-swhd35g",0.0,1369.52,1123.01,18,5,4,True,XPG,Hardware/Memória RAM/DDR 4/3200MHz,Sem Garantia,True,https://www.kabum.com.br/produto/512397/memoria-gamer-xpg-spectrix-d35g-16gb-rgb-ddr4-3200-mhz-branco-ax4u320016g16a-swhd35g
2026-07-01,ram,1028878,Memória Ram Para Notebook Crucial 16gb Ddr4 3200mhz Ct16g4sfra32a,0.0,1049.99,1049.99,0,0,0,True,Crucial,Hardware/Memória RAM/DDR 4/3200MHz,Sem Garantia,False,https://www.kabum.com.br/produto/1028878/memoria-ram-para-notebook-crucial-16gb-ddr4-3200mhz-ct16g4sfra32a
2026-07-01,ram,1034915,Memória Ram Kingston Ddr4 8GB 3200mhz Sodimm - Notebook,0.0,669.9,623.01,7,0,0,True,Importado,Hardware/Memória RAM/DDR 4/3200MHz,Sem Garantia,False,https://www.kabum.com.br/produto/1034915/memoria-ram-kingston-ddr4-8gb-3200mhz-sodimm-notebook
2026-07-01,ram,533024,"Memória Dale7, 16GB, 2400Mhz, DDR4, Desktop, 1.2v",0.0,643.89,643.89,0,0,0,True,Outros,Hardware/Memória RAM/DDR 4,Sem Garantia,False,https://www.kabum.com.br/produto/533024/memoria-dale7-16gb-2400mhz-ddr4-desktop-1-2v
2026-07-01,ram,333153,"Memória Multi MM410 DIMM, 4GB, 1600MHz, DDR3, PC3-12800",0.0,178.44,178.44,0,0,0,True,Multi,Hardware/Memória RAM/DDR 3/1600 Mhz PC12800,Sem Garantia,False,https://www.kabum.com.br/produto/333153/memoria-multi-mm410-dimm-4gb-1600mhz-ddr3-pc3-12800
2026-07-01,ram,624498,Memória Ram Para Desktop 8GB Ddr3 1600mhz Hiker - Hiksemi,0.0,271.0,271.0,0,0,0,True,Hiksemi,Hardware/Memória RAM/DDR 3,Sem Garantia,False,https://www.kabum.com.br/produto/624498/memoria-ram-para-desktop-8gb-ddr3-1600mhz-hiker-hiksemi
2026-07-01,ram,957145,Memoria 16gb Ddr4 Ecc Para Dell R240 R340 T140 T340,0.0,1999.0,1899.05,5,0,0,True,Outros,Hardware/Memória RAM/DDR 4/2400MHz,Sem Garantia,True,https://www.kabum.com.br/produto/957145/memoria-16gb-ddr4-ecc-para-dell-r240-r340-t140-t340
2026-07-01,ram,379531,"Memória NTC, 4GB, 1600MHz, DDR3, Para Notebook - NTCKF1600ND3-4GB",0.0,101.0,90.9,10,5,1,True,NTC,Hardware/Memória RAM/DDR 3,Sem Garantia,False,https://www.kabum.com.br/produto/379531/memoria-ntc-4gb-1600mhz-ddr3-para-notebook-ntckf1600nd3-4gb
2026-07-01,ram,870649,Memória Ram Para Servidor Dell Poweredge R210 Ii - 8GB Ecc.,0.0,599.0,599.0,0,0,0,True,Outros,Hardware/Memória RAM/DDR 3/1600 Mhz PC12800,Sem Garantia,True,https://www.kabum.com.br/produto/870649/memoria-ram-para-servidor-dell-poweredge-r210-ii-8gb-ecc
2026-07-01,ram,1006970,"Corsair Vengeance Lpx Ddr4 Ram 32gb (2x16gb) 3200mhz Cl16-20-20-38 1,35v Intel Amd Desktop Computer Memory - Preto",0.0,2699.99,2699.99,0,0,0,True,Corsair,Hardware/Memória RAM/DDR 4/3200MHz,Sem Garantia,False,https://www.kabum.com.br/produto/1006970/corsair-vengeance-lpx-ddr4-ram-32gb-2x16gb-3200mhz-cl16-20-20-38-1-35v-intel-amd-desktop-computer-memory-preto
2026-07-01,ram,398867,"Memória Corsair Vengeance RS, RGB, 16GB, 3200MHz, DDR4 - CMG16GX4M1E3200C16",0.0,1675.0,1675.0,0,5,1,True,Corsair,Hardware/Memória RAM/DDR 4/3200MHz,Sem Garantia,False,https://www.kabum.com.br/produto/398867/memoria-corsair-vengeance-rs-rgb-16gb-3200mhz-ddr4-cmg16gx4m1e3200c16
2026-07-01,ram,1032264,Memória Ddr5 96gb 6000mhz Corsair Vengeance For Amd 2x48GB - Cmk96gx5m2e6000z36,0.0,13854.83,13854.83,0,0,0,True,Corsair,Hardware/Memória RAM/DDR 5/6000MHz,Sem Garantia,False,https://www.kabum.com.br/produto/1032264/memoria-ddr5-96gb-6000mhz-corsair-vengeance-for-amd-2x48gb-cmk96gx5m2e6000z36
2026-07-01,ram,532558,"Memória Dale7, 2GB, 1333Mhz, DDR3, Desktop, 1.5v",0.0,58.89,58.89,0,0,0,True,Outros,Hardware/Memória RAM/DDR 3,Sem Garantia,False,https://www.kabum.com.br/produto/532558/memoria-dale7-2gb-1333mhz-ddr3-desktop-1-5v
2026-07-01,ram,998351,Memória Kingston Fury Beast Black RGB 32gb Ddr5 6000mt/s Cl30,0.0,4499.9,4049.91,10,0,0,True,Hyper X,Hardware/Memória RAM/DDR 5/6000MHz,Sem Garantia,False,https://www.kabum.com.br/produto/998351/memoria-kingston-fury-beast-black-rgb-32gb-ddr5-6000mt-s-cl30
2026-07-01,ram,471496,"Memoria Ram Keepdata, 8GB DDR4, 2666MHZ, cl 19, Kd26s19/8g, Para Notebook",0.0,749.0,749.0,0,0,0,True,KEEPDATA,Hardware/Memória RAM/DDR 4/2666MHz,Sem Garantia,False,https://www.kabum.com.br/produto/471496/memoria-ram-keepdata-8gb-ddr4-2666mhz-cl-19-kd26s19-8g-para-notebook
2026-07-01,ram,297599,"Memória Crucial Ballistix, 8GB, 2666MHz, DDR4, CL16, 1.35V, Preto - PC4-21300",0.0,549.9,549.9,0,5,1,True,Crucial,Hardware/Memória RAM/DDR 4,Sem Garantia,False,https://www.kabum.com.br/produto/297599/memoria-crucial-ballistix-8gb-2666mhz-ddr4-cl16-1-35v-preto-pc4-21300
2026-07-01,ram,984741,"Memoria Ram Hiksemi Future RGB White, Ddr4, 3200mhz, 16gb, Hsc416u32f4",0.0,1466.87,1202.83,18,0,0,True,Hiksemi,Hardware/Memória RAM/DDR 4/3200MHz,Sem Garantia,True,https://www.kabum.com.br/produto/984741/memoria-ram-hiksemi-future-rgb-white-ddr4-3200mhz-16gb-hsc416u32f4
2026-07-01,ram,991972,Memória Sodimm 8GB Ddr5 5600mhz - Para Notebook Asus - Oem,0.0,1689.99,1520.99,10,0,0,True,Outros,Hardware/Memória RAM/DDR 5/5600MHz,Sem Garantia,False,https://www.kabum.com.br/produto/991972/memoria-sodimm-8gb-ddr5-5600mhz-para-notebook-asus-oem
2026-07-01,ram,158386,"Memória Kingston, 8GB, 1600MHz, DDR3, CL11, Para Notebook - KCP3L16SD8/8",0.0,758.0,758.0,0,0,0,True,Kingston,Hardware/Memória RAM/DDR 3/1600 Mhz PC12800,Sem Garantia,False,https://www.kabum.com.br/produto/158386/memoria-kingston-8gb-1600mhz-ddr3-cl11-para-notebook-kcp3l16sd8-8
2026-07-01,ram,376331,"Memória ADATA XPG Spectrix D50, RGB, 32GB, 3200MHz, DDR4, CL16, Cinza - AX4U320032G16A ST50",0.0,3678.9,3531.74,4,0,0,True,Adata,Hardware/Memória RAM/DDR 4,Sem Garantia,False,https://www.kabum.com.br/produto/376331/memoria-adata-xpg-spectrix-d50-rgb-32gb-3200mhz-ddr4-cl16-cinza-ax4u320032g16a-st50
2026-07-01,ram,657038,"Memória Para Notebook Patriot Signature Line 8GB, Ddr4, 2666mhz, Cl19, 1.2v - Psd48g26662s",0.0,749.36,711.89,5,0,0,True,Patriot,Hardware/Memória RAM/DDR 4/2666MHz,Sem Garantia,False,https://www.kabum.com.br/produto/657038/memoria-para-notebook-patriot-signature-line-8gb-ddr4-2666mhz-cl19-1-2v-psd48g26662s
2026-07-01,ram,533338,"Memória Gamer Dale7 No Limits, 8GB, 2666Mhz, DDR4, Desktop, Vermelho",0.0,459.89,459.89,0,0,0,True,Outros,Hardware/Memória RAM/DDR 4,Sem Garantia,False,https://www.kabum.com.br/produto/533338/memoria-gamer-dale7-no-limits-8gb-2666mhz-ddr4-desktop-vermelho
2026-07-01,ram,886343,Memória Ram 16gb Ddr3 Dell Poweredge T410 T610 T320 T420 T620,0.0,449.0,449.0,0,0,0,True,Outros,Hardware/Memória RAM/DDR 3/1333 Mhz PC10666,Sem Garantia,True,https://www.kabum.com.br/produto/886343/memoria-ram-16gb-ddr3-dell-poweredge-t410-t610-t320-t420-t620
2026-07-01,ram,693901,Kit De Memória Para PC Corsair Vengeance 32gb 6000mhz (2x16gb) Ddr5 - Cmk32gx5m2e6000c36 - 5823.,0.0,4255.0,4255.0,0,0,0,True,Corsair,Hardware/Memória RAM/DDR 5/6000MHz,Sem Garantia,False,https://www.kabum.com.br/produto/693901/kit-de-memoria-para-pc-corsair-vengeance-32gb-6000mhz-2x16gb-ddr5-cmk32gx5m2e6000c36-5823-
2026-07-01,ram,509599,"Memória para Notebook Macrovip, 16GB, DDR4, 3200Mhz - Mv32s22/16",0.0,1099.58,1099.58,0,0,0,True,MACROVIP,Hardware/Memória RAM/DDR 4/3200MHz,Sem Garantia,False,https://www.kabum.com.br/produto/509599/memoria-para-notebook-macrovip-16gb-ddr4-3200mhz-mv32s22-16
2026-07-01,ram,532698,"Memória Gamer Dale7 No Limits, 8GB, 2133Mhz, DDR4, Desktop, Branco",0.0,459.89,459.89,0,0,0,True,Outros,Hardware/Memória RAM/DDR 4,Sem Garantia,False,https://www.kabum.com.br/produto/532698/memoria-gamer-dale7-no-limits-8gb-2133mhz-ddr4-desktop-branco
2026-07-01,ram,1033373,Memoria 16gb Ddr3 2400 (2x8GB) Cl11 1.5v Hyperx Savage Hx324c11srk2/16 Kingston,0.0,742.5,645.98,13,0,0,True,Kingston,Hardware/Memória RAM/DDR 3/2400 Mhz PC19200,Sem Garantia,False,https://www.kabum.com.br/produto/1033373/memoria-16gb-ddr3-2400-2x8gb-cl11-1-5v-hyperx-savage-hx324c11srk2-16-kingston
2026-07-01,ram,941144,Memória Ram Westgatte 8GB Ddr3 1600mhz 1.5v Para PC,0.0,199.0,199.0,0,0,0,True,Outros,Hardware/Memória RAM/DDR 3/1600 Mhz PC12800,Sem Garantia,False,https://www.kabum.com.br/produto/941144/memoria-ram-westgatte-8gb-ddr3-1600mhz-1-5v-para-pc
2026-07-01,ram,706368,"Memória 32gb Ddr5 6000mhz Kingston Fury Beast, Black - Kf560c36bbe-32.",0.0,4005.0,4005.0,0,0,0,True,Kingston,Hardware/Memória RAM/DDR 5/6000MHz,Sem Garantia,False,https://www.kabum.com.br/produto/706368/memoria-32gb-ddr5-6000mhz-kingston-fury-beast-black-kf560c36bbe-32-
2026-07-01,ram,532663,"Memória Dale7,8GB, 2133Mhz, DDR4, Desktop, 1.2 V",0.0,434.89,434.89,0,0,0,True,Outros,Hardware/Memória RAM/DDR 4,Sem Garantia,False,https://www.kabum.com.br/produto/532663/memoria-dale7-8gb-2133mhz-ddr4-desktop-1-2-v
2026-07-01,ram,419801,"Memória Kingston 8GB, 1333MHz, DDR3, CL9, Para Notebook - Kvr1333d3s9-8g",0.0,153.83,146.14,5,1,1,True,Kingston,Hardware/Memória RAM/DDR 3,Sem Garantia,False,https://www.kabum.com.br/produto/419801/memoria-kingston-8gb-1333mhz-ddr3-cl9-para-notebook-kvr1333d3s9-8g
2026-07-01,ram,707793,Memória Gamer Ddr4 8GB 3200 Mhz Desktop Dale7 No Limits Cor:branco,0.0,486.89,486.89,0,0,0,True,Outros,Hardware/Memória RAM/DDR 4/3200MHz,Sem Garantia,False,https://www.kabum.com.br/produto/707793/memoria-gamer-ddr4-8gb-3200-mhz-desktop-dale7-no-limits-cor-branco
2026-07-01,ram,1005244,Memoria 32gb Ddr4 2666mhz Para Dell R450 R550 R650 R750 R6515 R6525 R750 R7515 R7525,0.0,2399.0,2399.0,0,0,0,True,Outros,Hardware/Memória RAM/DDR 4/2666MHz,Sem Garantia,True,https://www.kabum.com.br/produto/1005244/memoria-32gb-ddr4-2666mhz-para-dell-r450-r550-r650-r750-r6515-r6525-r750-r7515-r7525
2026-07-01,ram,1005548,Mem Dell Ecc 16gb Ddr4 2666mhz R440 R540 R640 R740,0.0,1499.0,1484.01,1,0,0,True,Outros,Hardware/Memória RAM/DDR 4/2666MHz,Sem Garantia,True,https://www.kabum.com.br/produto/1005548/mem-dell-ecc-16gb-ddr4-2666mhz-r440-r540-r640-r740
2026-07-01,ram,994701,Memoria Kingston 8GB Ddr4 3200mhz Kvr32n22s8/8wp,0.0,633.15,519.18,18,0,0,True,Kingston,Hardware/Memória RAM/DDR 4,Sem Garantia,True,https://www.kabum.com.br/produto/994701/memoria-kingston-8gb-ddr4-3200mhz-kvr32n22s8-8wp
2026-07-01,ram,444042,"Memoria Adata Xpg Gammix D20, 16GB, 3200mhz, Ddr4 - Ax4u320016g16a-cbk20",0.0,1463.05,1389.9,5,0,0,True,Adata,Hardware/Memória RAM/DDR 4/3200MHz,Sem Garantia,False,https://www.kabum.com.br/produto/444042/memoria-adata-xpg-gammix-d20-16gb-3200mhz-ddr4-ax4u320016g16a-cbk20
2026-07-01,ram,833887,Memoria 8GB PC3- 12800e Servidores Hp Dell Ibm Ecc Udimm,0.0,599.0,599.0,0,0,0,True,Outros,Hardware/Memória RAM/DDR 3/1600 Mhz PC12800,Sem Garantia,True,https://www.kabum.com.br/produto/833887/memoria-8gb-pc3-12800e-servidores-hp-dell-ibm-ecc-udimm
2026-07-01,ram,394865,"Memória Kingston, 8GB, 1333MHz, DDR3, Verde - KVR1333D3N9/8G",0.0,373.75,317.69,15,4,6,True,Kingston,Hardware/Memória RAM/DDR 3/1333 Mhz PC10666,Sem Garantia,False,https://www.kabum.com.br/produto/394865/memoria-kingston-8gb-1333mhz-ddr3-verde-kvr1333d3n9-8g
2026-07-01,ram,235565,"Memória Patriot Signature, 8GB, 1600MHz, DDR3, Para PC - PSD38G16002",0.0,508.8,508.8,0,5,1,True,Patriot,Hardware/Memória RAM/DDR 3,Sem Garantia,False,https://www.kabum.com.br/produto/235565/memoria-patriot-signature-8gb-1600mhz-ddr3-para-pc-psd38g16002
2026-07-01,ram,479370,Memória SODIMM 4GB DDR4 Compatível com Notebook Lenovo - OEM,0.0,360.99,324.89,10,0,0,True,Outros,Hardware/Memória RAM/DDR 4,Sem Garantia,False,https://www.kabum.com.br/produto/479370/memoria-sodimm-4gb-ddr4-compativel-com-notebook-lenovo-oem
2026-07-01,ram,886388,Memória Ram 16gb Dell Poweredge R450 R550 R650 R750 T440 T640,0.0,989.0,989.0,0,0,0,True,Outros,Hardware/Memória RAM/DDR 3,Sem Garantia,True,https://www.kabum.com.br/produto/886388/memoria-ram-16gb-dell-poweredge-r450-r550-r650-r750-t440-t640
2026-07-01,ram,650271,Memória De Computador Corsair Vengeance RGB Pro Sl Ddr4 Ram 32gb (2x16gb) 3600mhz Cl18-22-22-42 1.35v Intel Amd Para Desktop - Branca (cmh32gx4m2d3600c,0.0,3288.89,3288.89,0,0,0,True,Outros,Hardware/Memória RAM/DDR 4,Sem Garantia,False,https://www.kabum.com.br/produto/650271/memoria-de-computador-corsair-vengeance-rgb-pro-sl-ddr4-ram-32gb-2x16gb-3600mhz-cl18-22-22-42-1-35v-intel-amd-para-desktop-branca-cmh32gx4m2d3600c
2026-07-01,ram,886374,Memória Ram 16gb Ddr4 3200aa-r 25600 Registrada Hp Proliant,0.0,989.0,989.0,0,0,0,True,Outros,Hardware/Memória RAM/DDR 4/3200MHz,Sem Garantia,True,https://www.kabum.com.br/produto/886374/memoria-ram-16gb-ddr4-3200aa-r-25600-registrada-hp-proliant
2026-07-01,ram,484113,"Memória Gamer Crucial Ballistix, 16GB, 2400MHz - Desktop",0.0,849.9,849.9,0,0,0,True,Outros,Hardware/Memória RAM/DDR 4/2400MHz,Sem Garantia,False,https://www.kabum.com.br/produto/484113/memoria-gamer-crucial-ballistix-16gb-2400mhz-desktop
2026-07-01,ram,386367,"Memória Kingston, 8GB, 2666MHz, DDR4, CL19, Para Notebook - KVR26S19S8/8",0.0,568.62,540.19,5,0,0,True,Kingston,Hardware/Memória RAM/DDR 4,Sem Garantia,False,https://www.kabum.com.br/produto/386367/memoria-kingston-8gb-2666mhz-ddr4-cl19-para-notebook-kvr26s19s8-8
2026-07-01,ram,1043103,Memoria para Desktop DDR4 16gb 3200mhz  Prosetup Avanshare,0.0,650.0,650.0,0,0,0,True,Prosetup,Hardware/Memória RAM/DDR 4/3200MHz,Sem Garantia,False,https://www.kabum.com.br/produto/1043103/memoria-para-desktop-ddr4-16gb-3200mhz-prosetup-avanshare
2026-07-01,ram,994325,Memoria 16gb Ddr4 Para Dell G15 5510 5511 5515 M15 R5 M15 R6,0.0,1499.0,1424.05,5,0,0,True,Outros,Hardware/Memória RAM/DDR 4/3200MHz,Sem Garantia,True,https://www.kabum.com.br/produto/994325/memoria-16gb-ddr4-para-dell-g15-5510-5511-5515-m15-r5-m15-r6
2026-07-01,ram,984740,"Memória Hiksemi Future, 16gb, Ddr4, 3200mhz, Cl16, Hsc416u32c2",0.0,1281.06,1088.9,15,0,0,True,Hiksemi,Hardware/Memória RAM/DDR 4/3200MHz,Sem Garantia,False,https://www.kabum.com.br/produto/984740/memoria-hiksemi-future-16gb-ddr4-3200mhz-cl16-hsc416u32c2
2026-07-01,ram,392498,"Memória Crucial, 8GB, 3200MHz, DDR4, CL22 - CT8G4DFRA32A",0.0,660.0,660.0,0,0,0,True,Crucial,Hardware/Memória RAM/DDR 4,Sem Garantia,False,https://www.kabum.com.br/produto/392498/memoria-crucial-8gb-3200mhz-ddr4-cl22-ct8g4dfra32a
2026-07-01,ram,470271,"Memória RAM Crucial, Para Notebook, DDR5 32GB, 4800MHZ",0.0,3399.99,3399.99,0,0,0,True,Crucial,Hardware/Memória RAM/DDR 5/4800MHz,Sem Garantia,False,https://www.kabum.com.br/produto/470271/memoria-ram-crucial-para-notebook-ddr5-32gb-4800mhz
2026-07-01,ram,707789,Memória Gamer Ddr4 16gb 3200 Mhz Desktop Dale7 No Limits Cor:branco,0.0,714.89,714.89,0,0,0,True,Outros,Hardware/Memória RAM/DDR 4/3200MHz,Sem Garantia,False,https://www.kabum.com.br/produto/707789/memoria-gamer-ddr4-16gb-3200-mhz-desktop-dale7-no-limits-cor-branco
2026-07-01,ram,503675,"Memoria Kingston, 4GB, 1600MHz, DDR3L, Para Notebook - Kvr16ls11/4",0.0,186.25,158.31,15,0,0,True,Kingston,Hardware/Memória RAM,Sem Garantia,False,https://www.kabum.com.br/produto/503675/memoria-kingston-4gb-1600mhz-ddr3l-para-notebook-kvr16ls11-4
2026-07-01,ram,713514,Memoria 8GB Ddr4 2666mhz Kingston,0.0,472.5,472.5,0,0,0,True,Kingston,Hardware/Memória RAM/DDR 4,Sem Garantia,False,https://www.kabum.com.br/produto/713514/memoria-8gb-ddr4-2666mhz-kingston
2026-07-01,ram,580013,"Memória Ram Gamer Para Notebook Kingston Fury Impact, 16GB, 3200Mhz, DDR4",0.0,2019.99,1959.39,3,0,0,True,Kingston,Hardware/Memória RAM/DDR 4,Sem Garantia,True,https://www.kabum.com.br/produto/580013/memoria-ram-gamer-para-notebook-kingston-fury-impact-16gb-3200mhz-ddr4
2026-07-01,ram,533012,"Memória Dale7, 4GB, 1600Mhz, DDR3, Desktop, 1.5v",0.0,96.89,96.89,0,0,0,True,Outros,Hardware/Memória RAM/DDR 3,Sem Garantia,False,https://www.kabum.com.br/produto/533012/memoria-dale7-4gb-1600mhz-ddr3-desktop-1-5v
2026-07-01,ram,950946,"Memória 16gb Lexar, Ddr4, 3200mhz, Cl22, 1.2v -  Ld4au016g-b3200gsst",0.0,1459.38,1386.41,5,0,0,True,Lexar,Hardware/Memória RAM/DDR 4,Sem Garantia,False,https://www.kabum.com.br/produto/950946/memoria-16gb-lexar-ddr4-3200mhz-cl22-1-2v-ld4au016g-b3200gsst
2026-07-01,ram,717151,"Memoria Para Notebook Patriot Viper Steel, 8GB (1x8GB), Ddr4, 3200mhz, Preto, Pvs48g320c8s",0.0,579.15,579.15,0,0,0,True,Patriot,Hardware/Memória RAM/DDR 4,Sem Garantia,False,https://www.kabum.com.br/produto/717151/memoria-para-notebook-patriot-viper-steel-8gb-1x8gb-ddr4-3200mhz-preto-pvs48g320c8s
2026-07-01,ram,989129,Mem 8GB Para Dell Optiplex 3090 Ultra / 5090 / 7090 Micro,0.0,849.0,806.55,5,0,0,True,Outros,Hardware/Memória RAM/DDR 4/3200MHz,Sem Garantia,True,https://www.kabum.com.br/produto/989129/mem-8gb-para-dell-optiplex-3090-ultra-5090-7090-micro
2026-07-01,ram,629099,Memória Ddr3 4gb 1600mhz Para Desktop | Goldentec,0.0,149.9,149.9,0,0,0,True,GOLDENTEC ACESSORIOS,Hardware/Memória RAM/DDR 3,Sem Garantia,False,https://www.kabum.com.br/produto/629099/memoria-ddr3-4gb-1600mhz-para-desktop-goldentec
2026-07-01,ram,532701,"Memória Gamer Dale7 No Limits, 16GB, 2133 Mhz, DDR4, Desktop, Vermelho",0.0,668.89,668.89,0,5,2,True,Outros,Hardware/Memória RAM/DDR 4,Sem Garantia,False,https://www.kabum.com.br/produto/532701/memoria-gamer-dale7-no-limits-16gb-2133-mhz-ddr4-desktop-vermelho
2026-07-01,ram,988509,Memoria Desktop Ddr4 8GB 3200mhz Husky Impulse Hrm001083222pt,0.0,749.99,674.99,10,0,0,True,Husky,Hardware/Memória RAM/DDR 4/2666MHz,Sem Garantia,True,https://www.kabum.com.br/produto/988509/memoria-desktop-ddr4-8gb-3200mhz-husky-impulse-hrm001083222pt
2026-07-01,ram,991975,Memória Sodimm 8GB Ddr5 5600mhz - Para Notebook Dell - Oem,0.0,1689.99,1520.99,10,0,0,True,Outros,Hardware/Memória RAM/DDR 5/5600MHz,Sem Garantia,False,https://www.kabum.com.br/produto/991975/memoria-sodimm-8gb-ddr5-5600mhz-para-notebook-dell-oem
2026-07-01,ram,396934,"Memória DDR4 Redragon Rage, 16GB, 3200MHz, CL16, Red, Gm-702",0.0,1466.85,1202.82,18,5,8,True,Redragon,Hardware/Memória RAM/DDR 4,Sem Garantia,True,https://www.kabum.com.br/produto/396934/memoria-ddr4-redragon-rage-16gb-3200mhz-cl16-red-gm-702
2026-07-01,ram,997920,Mem 4gb Ddr4 Para Dell Optiplex 3060 3070 3080 5080 Micro,0.0,350.0,350.0,0,0,0,True,Outros,Hardware/Memória RAM/DDR 4/2400MHz,Sem Garantia,False,https://www.kabum.com.br/produto/997920/memoria-4gb-ddr4-para-dell-inspiron-3000
2026-07-01,ram,169629,"Memória Kingston, 8GB, 1333MHz, DDR3, Para Notebook - KVR1333D3S9-8G",0.0,273.75,232.69,15,4,3,True,Kingston,Hardware/Memória RAM/DDR 3,Sem Garantia,False,https://www.kabum.com.br/produto/169629/memoria-kingston-8gb-1333mhz-ddr3-para-notebook-kvr1333d3s9-8g
2026-07-01,ram,456813,"Memória Sodimm Patriot Signature, 32GB DDR5, 4800mhz, Para Notebook - Psd532g48002s",0.0,3846.15,3653.84,5,0,0,True,Outros,Hardware/Memória RAM/DDR 5,Sem Garantia,False,https://www.kabum.com.br/produto/456813/memoria-sodimm-patriot-signature-32gb-ddr5-4800mhz-para-notebook-psd532g48002s
2026-07-01,ram,615092,Memória Ddr3 8GB 1600mhz Futuretech,0.0,397.98,358.18,10,0,0,True,Outros,Hardware/Memória RAM/DDR 3,Sem Garantia,False,https://www.kabum.com.br/produto/615092/memoria-ddr3-8gb-1600mhz-futuretech
2026-07-01,ram,538955,"Memória Desktop Ntc 16GB, DDR4, 2666 Mhz - Ntckf2666dd4",0.0,1029.9,916.61,11,5,2,True,NTC,Hardware/Memória RAM/DDR 4/2666MHz,Sem Garantia,False,https://www.kabum.com.br/produto/538955/memoria-desktop-ntc-16gb-ddr4-2666-mhz-ntckf2666dd4
2026-07-01,ram,878691,Memória Ram 8GB Ddr4 Ecc Proliant Ml110 - Ml150 - Ml350 Gen9,0.0,639.0,639.0,0,0,0,True,Outros,Hardware/Memória RAM/DDR 4/2133MHz,Sem Garantia,True,https://www.kabum.com.br/produto/878691/memoria-ram-8gb-ddr4-ecc-proliant-ml110-ml150-ml350-gen9
2026-07-01,ram,532666,"Memória Dale7, 16GB, 2133Mhz, DDR4, Notebook, 1.2v",0.0,643.89,643.89,0,0,0,True,Outros,Hardware/Memória RAM/DDR 4,Sem Garantia,False,https://www.kabum.com.br/produto/532666/memoria-dale7-16gb-2133mhz-ddr4-notebook-1-2v
2026-07-01,ram,471467,"Memória Para Notebook Keepdata, 8GB, 1333MHz, DDR3 - Kd13s9/8g",0.0,596.0,596.0,0,0,0,True,KEEPDATA,Hardware/Memória RAM/DDR 3,Sem Garantia,False,https://www.kabum.com.br/produto/471467/memoria-para-notebook-keepdata-8gb-1333mhz-ddr3-kd13s9-8g
2026-07-01,ram,883369,Memória Ram 8GB 2400 Mhz Ecc Registrada Para Dell Precision,0.0,739.0,739.0,0,0,0,True,Outros,Hardware/Memória RAM/DDR 4/2400MHz,Sem Garantia,True,https://www.kabum.com.br/produto/883369/memoria-ram-8gb-2400-mhz-ecc-registrada-para-dell-precision
2026-07-01,ram,984780,Mem?ria Sk Hynix 8GB Ddr4 3200mhz Para Notebook Hmaa1gs6cjr6n-xn,0.0,545.0,545.0,0,0,0,True,HYNIX,Hardware/Memória RAM/DDR 4/3200MHz,Sem Garantia,False,https://www.kabum.com.br/produto/984780/mem-ria-sk-hynix-8gb-ddr4-3200mhz-para-notebook-hmaa1gs6cjr6n-xn
2026-07-01,ram,994703,Memoria Kingston 16gb Ddr4 3200mhz Kvr32n22d8/16wp,0.0,1216.69,997.69,18,0,0,True,Kingston,Hardware/Memória RAM/DDR 4,Sem Garantia,True,https://www.kabum.com.br/produto/994703/memoria-kingston-16gb-ddr4-3200mhz-kvr32n22d8-16wp
2026-07-01,ram,533044,"Memória Dale7, 2GB, 1066Mhz, DDR3, Desktop, 1.5v",0.0,63.89,63.89,0,0,0,True,Outros,Hardware/Memória RAM/DDR 3,Sem Garantia,False,https://www.kabum.com.br/produto/533044/memoria-dale7-2gb-1066mhz-ddr3-desktop-1-5v
2026-07-01,ram,479376,Memória SODIMM 4GB DDR4 Compatível com Notebook HP - OEM,0.0,360.99,324.89,10,0,0,True,Outros,Hardware/Memória RAM/DDR 4,Sem Garantia,False,https://www.kabum.com.br/produto/479376/memoria-sodimm-4gb-ddr4-compativel-com-notebook-hp-oem
2026-07-01,ram,581703,"Memória Crucial Basics, 8GB, 3200MHz, DDR4, Udimm - Cb8gu3200",0.0,989.99,989.99,0,0,0,True,Crucial,Hardware/Memória RAM/DDR 4/3200MHz,Sem Garantia,False,https://www.kabum.com.br/produto/581703/memoria-crucial-basics-8gb-3200mhz-ddr4-udimm-cb8gu3200
2026-07-01,ram,1005243,Mem 8GB Dell Inspiron 14 5400 5401 5405 5406 5409 5410 5415,0.0,849.0,849.0,0,0,0,True,Outros,Hardware/Memória RAM/DDR 4/2666MHz,Sem Garantia,True,https://www.kabum.com.br/produto/1005243/mem-8gb-dell-inspiron-14-5400-5401-5405-5406-5409-5410-5415
2026-07-01,ram,878672,Memória Ram Para Lenovo Thinkagile 8GB Ddr4 2666mhz Ecc,0.0,799.0,799.0,0,0,0,True,Outros,Hardware/Memória RAM/DDR 4/2666MHz,Sem Garantia,True,https://www.kabum.com.br/produto/878672/memoria-ram-para-lenovo-thinkagile-8gb-ddr4-2666mhz-ecc
2026-07-01,ram,533060,"Memória Gamer Dale7 No Limits, 16GB, 2666Mhz, DDR4, Desktop, Vermelho",0.0,668.89,668.89,0,0,0,True,Outros,Hardware/Memória RAM/DDR 4,Sem Garantia,False,https://www.kabum.com.br/produto/533060/memoria-gamer-dale7-no-limits-16gb-2666mhz-ddr4-desktop-vermelho
2026-07-01,ram,905306,Memoria 16gb Ddr4 3200mhz 1.2v Patriot Viper Steel - Desktop - Pvs416g320c6,0.0,1645.31,1349.15,18,0,0,True,Patriot,Hardware/Memória RAM/DDR 4,Sem Garantia,True,https://www.kabum.com.br/produto/905306/memoria-16gb-ddr4-3200mhz-patriot-viper-stell-cinza-pvs416g320c6
2026-07-01,ram,877829,Memória Ram 16gb Ddr4 Ecc Para Servidores Dell Hpe E Lenovo,0.0,859.0,859.0,0,0,0,True,Outros,Hardware/Memória RAM/DDR 4/2133MHz,Sem Garantia,True,https://www.kabum.com.br/produto/877829/memoria-ram-16gb-ddr4-ecc-para-servidores-dell-hpe-e-lenovo
2026-07-01,ram,532581,"Memória Dale7, 1GB, 800Mhz, DDR2, Desktop, 1.8v",0.0,58.89,58.89,0,0,0,True,Outros,Hardware/Memória RAM/DDR 2,Sem Garantia,False,https://www.kabum.com.br/produto/532581/memoria-dale7-1gb-800mhz-ddr2-desktop-1-8v
2026-07-01,ram,416590,Memória Notebook Corsair Vengeance 8GB DDR4 3200mhz  - Cmsx8gx4m1a3200c22.,0.0,625.21,625.21,0,0,0,True,Corsair,Hardware/Memória RAM/DDR 4/3200MHz,Sem Garantia,False,https://www.kabum.com.br/produto/416590/memoria-notebook-corsair-vengeance-8gb-ddr4-3200mhz-cmsx8gx4m1a3200c22
2026-07-01,ram,614361,"Memória RAM  Para Notebook Crucial, 8GB, 3200MHz, DDR4",0.0,659.11,659.11,0,0,0,True,Crucial,Hardware/Memória RAM/DDR 4/3200MHz,Sem Garantia,False,https://www.kabum.com.br/produto/614361/memoria-ram-para-notebook-crucial-8gb-3200mhz-ddr4
2026-07-01,ram,117548,"Memória Oxy, 8GB, 2400MHz, DDR4 - OXY24N17S8/8",0.0,857.99,857.99,0,0,0,True,Oxy,Hardware/Memória RAM/DDR 4,10 anos de garantia (3 meses de garantia legal + 117 meses de garantia contratual junto ao fabricante),False,https://www.kabum.com.br/produto/117548/memoria-oxy-8gb-2400mhz-ddr4-oxy24n17s8-8
2026-07-01,ram,391101,"Memória Kingston, 16GB, 3200MHz, DDR4, CL22, 1.2V, Para Desktop, 1RX8 - KVR32N22S8/16",0.0,1038.53,882.75,15,0,0,True,Kingston,Hardware/Memória RAM/DDR 4/3200MHz,Sem Garantia,False,https://www.kabum.com.br/produto/391101/memoria-kingston-16gb-3200mhz-ddr4-cl22-1-2v-para-desktop-1rx8-kvr32n22s8-16
2026-07-01,ram,467691,"Memória Crucial Ballistix Gamer DDR4, 16GB, 2666Mhz",0.0,849.9,849.9,0,0,0,True,Crucial,Hardware/Memória RAM/DDR 4,Sem Garantia,False,https://www.kabum.com.br/produto/467691/memoria-crucial-ballistix-gamer-ddr4-16gb-2666mhz
2026-07-01,ram,376446,"Memória Macroway, 8GB, 1600MHz, DDR3, CL11",0.0,894.0,759.9,15,0,0,True,Macroway,Hardware/Memória RAM/DDR 3/1600 Mhz PC12800,Sem Garantia,False,https://www.kabum.com.br/produto/376446/memoria-macroway-8gb-1600mhz-ddr3-cl11
2026-07-01,ram,712935,Memória Ddr3 8GB 1600mhz Best Memory,0.0,226.61,226.61,0,0,0,True,BEST MEMORY,Hardware/Memória RAM/DDR 3,Sem Garantia,False,https://www.kabum.com.br/produto/712935/memoria-ddr3-8gb-1600mhz-best-memory
2026-07-01,ram,467665,"Memória Crucial, 8GB, 2400mhz,  DDR4, 1.2v",0.0,599.9,599.9,0,0,0,True,Crucial,Hardware/Memória RAM/DDR 4/2400MHz,Sem Garantia,False,https://www.kabum.com.br/produto/467665/memoria-crucial-8gb-2400mhz-ddr4-1-2v
2026-07-01,ram,533041,"Memória Dale7, 1GB, 667Mhz, DDR2, Desktop, 1.8v",0.0,58.89,58.89,0,0,0,True,Outros,Hardware/Memória RAM/DDR 2,Sem Garantia,False,https://www.kabum.com.br/produto/533041/memoria-dale7-1gb-667mhz-ddr2-desktop-1-8v
2026-07-01,ram,479372,Memória SODIMM 4GB DDR4 Compatível com Notebook Asus - OEM,0.0,360.99,324.89,10,0,0,True,Outros,Hardware/Memória RAM/DDR 4,Sem Garantia,False,https://www.kabum.com.br/produto/479372/memoria-sodimm-4gb-ddr4-compativel-com-notebook-asus-oem
2026-07-01,ram,479791,"Memória Ram Oxybr, 8GB, 3200MHz, DDR4",0.0,1044.99,1044.99,0,0,0,True,OxyBr,Hardware/Memória RAM/DDR 4/3200MHz,Sem Garantia,False,https://www.kabum.com.br/produto/479791/memoria-ram-oxybr-8gb-3200mhz-ddr4
2026-07-01,ram,533225,"Memória Gamer Dale7 No Limits, 8GB, 1600Mhz, DDR3, Desktop, Preto",0.0,199.89,199.89,0,5,1,True,Outros,Hardware/Memória RAM/DDR 3,Sem Garantia,False,https://www.kabum.com.br/produto/533225/memoria-gamer-dale7-no-limits-8gb-1600mhz-ddr3-desktop-preto
2026-07-01,ram,903760,Memoria Notebook   8GB Ddr3l 1333 Cl 11 1.35v Soddim Sgm8gl1333cl11nb Sgmax,0.0,141.75,123.32,13,0,0,True,Outros,Hardware/Memória RAM/DDR 3,Sem Garantia,False,https://www.kabum.com.br/produto/903760/memoria-notebook-8gb-ddr3l-1333-cl-11-1-35v-soddim-sgm8gl1333cl11nb-sgmax
2026-07-01,ram,461335,"Memória Notebook Lexar 16GB, DDR4, 3200mhz Sodimm - Ld4as016g-b3200gsst",0.0,999.55,819.63,18,0,0,True,Lexar,Hardware/Memória RAM/DDR 4,Sem Garantia,True,https://www.kabum.com.br/produto/461335/memoria-notebook-lexar-16gb-ddr4-3200mhz-sodimm-ld4as016g-b3200gsst
2026-07-01,ram,533049,"Memória Dale7, 8GB, 2400Mhz, DDR4, Desktop, 1.2v",0.0,434.89,434.89,0,0,0,True,Outros,Hardware/Memória RAM/DDR 4,Sem Garantia,False,https://www.kabum.com.br/produto/533049/memoria-dale7-8gb-2400mhz-ddr4-desktop-1-2v
2026-07-01,ram,467664,"Memória Crucial, 8GB, 2133mhz, DDR4, 1.2v",0.0,599.9,599.9,0,4,1,True,Crucial,Hardware/Memória RAM/DDR 4/2133MHz,Sem Garantia,False,https://www.kabum.com.br/produto/467664/memoria-crucial-8gb-2133mhz-ddr4-1-2v
2026-07-01,ram,617633,"Memória Hiksemi, 4gb, Ddr4, 2666mhz, 1.2v, Notebook - Hsc404s26z1",0.0,261.25,261.25,0,0,0,True,Hiksemi,Hardware/Memória RAM/DDR 4,Sem Garantia,False,https://www.kabum.com.br/produto/617633/memoria-hiksemi-4gb-ddr4-2666mhz-1-2v-notebook-hsc404s26z1
2026-07-01,ram,833969,Memoria 8GB PC3- 12800e 1600mhz Para Dell Poweredge T110 Ii.,0.0,599.0,599.0,0,0,0,True,Outros,Hardware/Memória RAM/DDR 3/1600 Mhz PC12800,Sem Garantia,True,https://www.kabum.com.br/produto/833969/memoria-8gb-pc3-12800e-1600mhz-para-dell-poweredge-t110-ii
2026-07-01,ram,643301,Memória 16gb Ddr4 3200mhz Hiksemi Armor - Branca - Hsc416u32e2,0.0,1275.22,1045.68,18,0,0,True,Outros,Hardware/Memória RAM/DDR 4,Sem Garantia,True,https://www.kabum.com.br/produto/643301/memoria-16gb-ddr4-3200mhz-hiksemi-armor-branca-hsc416u32e2
2026-07-01,ram,532734,"Memória Dale7, 16GB, 5200Mhz, DDR5, Notebook 1.1v",0.0,1253.89,1253.89,0,0,0,True,Outros,Hardware/Memória RAM/DDR 5,Sem Garantia,False,https://www.kabum.com.br/produto/532734/memoria-dale7-16gb-5200mhz-ddr5-notebook-1-1v
2026-07-01,ram,897543,Memoria Notebook 32gb Ddr5 5600mhz C46 1.1v 2rx8 Soddim Kvr56s46bd8-32 Kingston,0.0,3275.44,2947.9,10,0,0,True,Kingston,Hardware/Memória RAM/DDR 5,Sem Garantia,False,https://www.kabum.com.br/produto/897543/memoria-notebook-32gb-ddr5-5600mhz-c46-1-1v-2rx8-soddim-kvr56s46bd8-32-kingston
2026-07-01,ram,479366,"Memória Keepdata, 4GB,  1600MHz, DDR3, Para Desktop - Kd16n11/4g",0.0,129.0,129.0,0,0,0,True,KEEPDATA,Hardware/Memória RAM/DDR 3,Sem Garantia,False,https://www.kabum.com.br/produto/479366/memoria-keepdata-4gb-1600mhz-ddr3-para-desktop-kd16n11-4g
2026-07-01,ram,470099,"Memória Corsair Vengeance, 8GB, 4800mhz, DDR5 - Cmsx8gx5m1a4800c40 5695",0.0,981.97,981.97,0,0,0,True,Corsair,Hardware/Memória RAM/DDR 5,Sem Garantia,False,https://www.kabum.com.br/produto/470099/memoria-corsair-vengeance-8gb-4800mhz-ddr5-cmsx8gx5m1a4800c40-5695
2026-07-01,ram,1035606,Memória Ram Kingston Ddr5 16gb 4800mhz Para Notebook,0.0,1449.9,1333.91,8,0,0,True,Kingston,Hardware/Memória RAM/DDR 5/4800MHz,Sem Garantia,True,https://www.kabum.com.br/produto/1035606/memoria-ram-kingston-ddr5-16gb-4800mhz-para-notebook
2026-07-01,ram,883357,Memória Ram 16gb Para Hp Ml350p Gen8,0.0,499.0,399.2,20,0,0,True,Outros,Hardware/Memória RAM/DDR 3,Sem Garantia,True,https://www.kabum.com.br/produto/883357/memoria-ram-16gb-para-hp-ml350p-gen8
2026-07-01,ram,878685,Memória Ram 8GB Ddr4 Ecc Para Servidores Dell Hpe E Lenovo,0.0,639.0,639.0,0,0,0,True,Outros,Hardware/Memória RAM/DDR 4/2133MHz,Sem Garantia,True,https://www.kabum.com.br/produto/878685/memoria-ram-8gb-ddr4-ecc-para-servidores-dell-hpe-e-lenovo
2026-07-01,ram,521415,Memoria 16Gb Ddr4 3200 Cl16 1.2V Desktop Fury Beast RGB KF432C16BB12A/16 Kingston,0.0,1650.76,1353.62,18,5,1,True,Kingston,Hardware/Memória RAM/DDR 4,Sem Garantia,True,https://www.kabum.com.br/produto/521415/memoria-16gb-ddr4-3200-cl16-1-2v-desktop-fury-beast-rgb-kf432c16bb12a-16-kingston
2026-07-01,ram,495634,"Memória Xpg Spectrix D35, 16GB, 1x16GB, 3200mhz, DDR4, Preto",0.0,1360.0,1360.0,0,0,0,True,XPG,Hardware/Memória RAM/DDR 4,Sem Garantia,False,https://www.kabum.com.br/produto/495634/memoria-xpg-spectrix-d35-16gb-1x16gb-3200mhz-ddr4-preto
2026-07-01,ram,110771,"Memória RAM Corsair Vengeance LPX 16GB (2x8GB), 2666MHz, DDR4, CL16, Preto - CMK16GX4M2A2666C16",2794.11,2794.11,2374.99,15,5,24,True,Corsair,Hardware/Memória RAM/DDR 4,10 anos de garantia (3 meses de garantia legal + 117 meses de garantia contratual junto ao fabricante),False,https://www.kabum.com.br/produto/110771/memoria-ram-corsair-vengeance-lpx-16gb-2x8gb-2666mhz-ddr4-cl16-preto-cmk16gx4m2a2666c16
2026-07-01,ram,1044328,Memoria Para Desktop Ddr3 8GB 1600mhz PC3-12800 Cl11 Gamer Heatsink  Prosetup Avanshare,0.0,160.0,160.0,0,0,0,True,Prosetup,Hardware/Memória RAM/DDR 3/1600 Mhz PC12800,Sem Garantia,False,https://www.kabum.com.br/produto/1044328/memoria-para-desktop-ddr3-8gb-1600mhz-pc3-12800-cl11-gamer-heatsink-prosetup-avanshare
2026-07-01,ram,467660,"Memória  Samsung,  8GB, 1600Mhz, DDR3, De Alta Performance, latência cas 11, para Notebook",0.0,279.9,279.9,0,5,1,True,Samsung,Hardware/Memória RAM/DDR 3,Sem Garantia,False,https://www.kabum.com.br/produto/467660/memoria-samsung-8gb-1600mhz-ddr3-de-alta-performance-latencia-cas-11-para-notebook
2026-07-01,ram,479371,Memória SODIMM 4GB DDR4 Compatível com Notebook Samsung - OEM,0.0,360.99,324.89,10,0,0,True,Outros,Hardware/Memória RAM/DDR 4,Sem Garantia,False,https://www.kabum.com.br/produto/479371/memoria-sodimm-4gb-ddr4-compativel-com-notebook-samsung-oem
2026-07-01,ram,736833,Memória Ram 16gb Ddr5 4800mhz 38400 Cl40 XLinne,0.0,1878.85,1878.85,0,0,0,True,Xlinne,Hardware/Memória RAM/DDR 5,Sem Garantia,False,https://www.kabum.com.br/produto/736833/memoria-pc-ddr5-16gb-4800mhz-38400-cl40-288pin-box-pn-xlm2ypcd516gb4800
2026-07-01,ram,575897,"Memória RAM Rise Mode Diamond 16GB, 3200MHz, DDR4, CL19, Branco - RM-D4-16G-3200DW",0.0,1141.74,981.9,14,0,0,True,Rise Mode,Hardware/Memória RAM/DDR 4,Sem Garantia,False,https://www.kabum.com.br/produto/575897/memoria-16gb-ddr4-3200mhz-rise-mode-diamond-cl22-com-dissipador-branco-rm-d4-16g-3200d
2026-07-01,ram,903778,Memoria  8GB Ddr4 3200 Cl 22 1.2v Desktop Udimm Sgm8gl3200cl22d Sgmax,0.0,414.45,360.57,13,0,0,True,Outros,Hardware/Memória RAM/DDR 4,Sem Garantia,False,https://www.kabum.com.br/produto/903778/memoria-8gb-ddr4-3200-cl-22-1-2v-desktop-udimm-sgm8gl3200cl22d-sgmax
2026-07-01,ram,532594,"Memória Gamer Dale7 No Limits, 8GB, 2133Mhz, DDR4, Desktop, Vermelho",0.0,459.89,459.89,0,0,0,True,Outros,Hardware/Memória RAM/DDR 4,Sem Garantia,False,https://www.kabum.com.br/produto/532594/memoria-gamer-dale7-no-limits-8gb-2133mhz-ddr4-desktop-vermelho
2026-07-01,ram,624532,"Memória Hiksemi Hiker, 8GB, Ddr4, 3200mhz, 1.2v, Notebook - Hsc408s32z1",0.0,757.57,681.81,10,1,1,True,Hiksemi,Hardware/Memória RAM/DDR 4,Sem Garantia,False,https://www.kabum.com.br/produto/624532/memoria-hiksemi-hiker-8gb-ddr4-3200mhz-1-2v-notebook-hsc408s32z1
2026-07-01,ram,533336,"Memória Gamer Dale7 No Limits, 4GB, 1600Mhz, DDR3, Desktop, Branco",0.0,111.89,111.89,0,0,0,True,Outros,Hardware/Memória RAM/DDR 3,Sem Garantia,False,https://www.kabum.com.br/produto/533336/memoria-gamer-dale7-no-limits-4gb-1600mhz-ddr3-desktop-branco
2026-07-01,ram,461208,"Memória Para Notebook Kingston Fury Impact, DDR5, 8GB, 4800mhz - KF548S38IB-8 5626",0.0,1122.11,1122.11,0,0,0,True,Kingston,Hardware/Memória RAM/DDR 5,Sem Garantia,False,https://www.kabum.com.br/produto/461208/memoria-para-notebook-kingston-fury-impact-ddr5-8gb-4800mhz-kf548s38ib-8-5626
2026-07-01,ram,495636,"Memória Xpg Spectrix D35g RGB, 16GB, 1x16GB, 3200mhz, DDR4, Preto",0.0,1369.52,1123.01,18,4,4,True,XPG,Hardware/Memória RAM/DDR 4,Sem Garantia,True,https://www.kabum.com.br/produto/495636/memoria-xpg-spectrix-d35g-rgb-16gb-1x16gb-3200mhz-ddr4-preto
2026-07-01,ram,581143,Memória P/ Notebook Ddr3 Pc3-10600 2gb,0.0,24.99,23.74,5,0,0,True,SMART PC,Hardware/Memória RAM/DDR 3,Sem Garantia,False,https://www.kabum.com.br/produto/581143/memoria-p-notebook-ddr3-pc3-10600-2gb
2026-07-01,ram,399941,"Memória Kingston Fury Beast, 8GB, 4800MHz, DDR5, Preto - KF548C38BB/8",0.0,1199.9,1199.9,0,5,1,True,Kingston,Hardware/Memória RAM/DDR 5,Sem Garantia,False,https://www.kabum.com.br/produto/399941/memoria-kingston-fury-beast-8gb-4800mhz-ddr5-preto-kf548c38bb-8
2026-07-01,ram,878680,Memória Ram 8GB Ddr4 Ecc System X - X3500 X3550 X3650 - M5,0.0,639.0,639.0,0,0,0,True,Outros,Hardware/Memória RAM/DDR 4/2133MHz,Sem Garantia,True,https://www.kabum.com.br/produto/878680/memoria-ram-8gb-ddr4-ecc-system-x-x3500-x3550-x3650-m5
2026-07-01,ram,532765,"Memória Gamer Dale7 No Limit, 8GB, 1866Mhz, DDR3, Desktop, Preto",0.0,199.89,199.89,0,0,0,True,Outros,Hardware/Memória RAM/DDR 3,Sem Garantia,False,https://www.kabum.com.br/produto/532765/memoria-gamer-dale7-no-limit-8gb-1866mhz-ddr3-desktop-preto
2026-07-01,ram,480530,"Memória RAM Kingston Fury Beast, RGB, 32GB (2x16GB), 3200MHz, DDR4, CL16, Preto - KF432C16BB12AK2/32",4023.41,4023.41,3419.9,15,5,133,True,Kingston,Hardware/Memória RAM/DDR 4,10 anos de garantia (3 meses de garantia legal + 117 meses de garantia contratual junto ao fabricante),False,https://www.kabum.com.br/produto/480530/memoria-ram-kingston-fury-beast-rgb-32gb-2x16gb-3200mhz-ddr4-cl16-preto-kf432c16bb12ak2-32
2026-07-01,ram,652457,Memória De Computador Desktop Corsair Vengeance RGB Pro Ddr4 32gb (2x16gb) 3200mhz Cl16-20-20-38 1.35v Intel Amd - Preto,0.0,2425.0,2425.0,0,0,0,True,Outros,Hardware/Memória RAM/DDR 4,Sem Garantia,False,https://www.kabum.com.br/produto/652457/memoria-de-computador-desktop-corsair-vengeance-rgb-pro-ddr4-32gb-2x16gb-3200mhz-cl16-20-20-38-1-35v-intel-amd-preto
2026-07-01,ram,199137,"Memória Oxy Gamer, 32GB, 3200MHz, DDR4, BR",0.0,3216.56,3216.56,0,0,0,True,Oxy,Hardware/Memória RAM/DDR 4,Sem Garantia,False,https://www.kabum.com.br/produto/199137/memoria-oxy-gamer-32gb-3200mhz-ddr4-br
2026-07-01,ram,698820,Mémoria Ram Gamer Hayom 8GB 2666mhz Ddr4 Preto – Mem3003,0.0,599.8,599.8,0,0,0,True,Hayom,Hardware/Memória RAM/DDR 4,Sem Garantia,False,https://www.kabum.com.br/produto/698820/memoria-ram-gamer-hayom-8gb-2666mhz-ddr4-preto-mem3003
2026-07-01,ram,731035,Memoria Kingston Fury Beast 32gb Ddr5 5600mt/s 1.25v Black Desktop - Kf556c36bbe-32,0.0,3999.9,3599.91,10,0,0,True,Kingston,Hardware/Memória RAM/DDR 5,Sem Garantia,False,https://www.kabum.com.br/produto/731035/memoria-kingston-fury-beast-32gb-ddr5-5600mt-s-1-25v-black-desktop-kf556c36bbe-32
2026-07-01,ram,952172,Memória Ram 8GB Ddr4 2133mhz Ecc Para Superserver,0.0,759.0,759.0,0,0,0,True,Outros,Hardware/Memória RAM/DDR 4/2133MHz,Sem Garantia,True,https://www.kabum.com.br/produto/952172/memoria-ram-8gb-ddr4-2133mhz-ecc-para-superserver
2026-07-01,ram,538750,"Memória RAM Rise Mode 16GB, 5200Mhz, DDR5, CL42, Zeus Series Preto - RM-D5-16G-5200ZE-B",0.0,2117.64,1799.99,15,5,7,True,Rise Mode,Hardware/Memória RAM/DDR 5,1 ano de garantia (3 meses de garantia legal + 9 meses de garantia contratual junto ao fabricante),False,https://www.kabum.com.br/produto/538750/memoria-ram-rise-mode-16gb-5200mhz-ddr5-cl42-zeus-series-preto-rm-d5-16g-5200ze-b
2026-07-01,ram,457825,"Memoria Kingston Fury Impact, 4GB DDR3, 1600mhz, Cl9, Para Notebook - Kf316ls9ib/4",0.0,232.5,232.5,0,0,0,True,Kingston,Hardware/Memória RAM/DDR 3,Sem Garantia,False,https://www.kabum.com.br/produto/457825/memoria-kingston-fury-impact-4gb-ddr3-1600mhz-cl9-para-notebook-kf316ls9ib-4
2026-07-01,ram,506158,"Memória RAM Kingston Fury Renegade, 32GB (2x16GB), 8000MT/s, DDR5, CL38, DIMM, Branco XMP - KF580C38RWK2-32",0.0,6470.47,5499.9,15,0,0,True,Kingston,Hardware/Memória RAM/DDR 5,10 anos de garantia (3 meses de garantia legal + 117 meses de garantia contratual junto ao fabricante),False,https://www.kabum.com.br/produto/506158/memoria-ram-kingston-fury-renegade-32gb-2x16gb-8000mt-s-ddr5-cl38-dimm-branco-xmp-kf580c38rwk2-32
2026-07-01,ram,583596,Kit de memória VENGEANCE RGB PRO 32 GB (2 x 16 GB) DDR4 DRAM 3200 MHz C16 TUF Gaming Edition — Preto - CMW32GX4M2E3200C16,0.0,2580.9,2580.9,0,0,0,True,Corsair,Hardware/Memória RAM/DDR 4/3200MHz,Sem Garantia,False,https://www.kabum.com.br/produto/583596/kit-de-memoria-vengeance-rgb-pro-32-gb-2-x-16-gb-ddr4-dram-3200-mhz-c16-tuf-gaming-edition-preto-cmw32gx4m2e3200c16
2026-07-01,ram,679203,Memoria Ddr4 8GB PC3200 Upgamer Up3200,0.0,649.0,649.0,0,0,0,True,Up Gamer,Hardware/Memória RAM/DDR 4,Sem Garantia,False,https://www.kabum.com.br/produto/679203/memoria-ddr4-8gb-pc3200-upgamer-up3200
2026-07-01,ram,495648,"Memória Notebook Nanya, 2GB, 1333MHz, DDR3 - Pc1333",0.0,60.01,60.01,0,0,0,True,Nanya,Hardware/Memória RAM/DDR 3,Sem Garantia,False,https://www.kabum.com.br/produto/495648/memoria-notebook-nanya-2gb-1333mhz-ddr3-pc1333
2026-07-01,ram,526379,"Memória RAM Corsair Dominator Titanium, RGB, 32GB (2x16GB), 6600MHz, DDR5, CL34, para Intel XMP, Preto - CMP32GX5M2X6600C32",6230.58,6230.58,5295.99,15,5,3,True,Corsair,Hardware/Memória RAM/DDR 5,10 anos de garantia (3 meses de garantia legal + 117 meses de garantia contratual junto ao fabricante),False,https://www.kabum.com.br/produto/526379/memoria-ram-corsair-dominator-titanium-rgb-32gb-2x16gb-6600mhz-ddr5-cl34-para-intel-xmp-preto-cmp32gx5m2x6600c32
2026-07-01,ram,110930,"Memória RAM para Notebook Corsair Vengeance, 32GB (2x16GB), 2666MHz, DDR4, CL18, Preto - CMSX32GX4M2A2666C18",2671.75,2671.75,2270.99,15,5,26,True,Corsair,Hardware/Memória RAM/DDR 4,1 ano de garantia (3 meses de garantia legal + 9 meses de garantia contratual junto ao fabricante),False,https://www.kabum.com.br/produto/110930/memoria-ram-para-notebook-corsair-vengeance-32gb-2x16gb-2666mhz-ddr4-cl18-preto-cmsx32gx4m2a2666c18
2026-07-01,ram,456812,"Memória Para Notebook Kingston Fury Impact, 16GB DDR5, 4800mhz, Cl38 - Kf548s38ib-16",0.0,1699.0,1563.08,8,1,1,True,Kingston,Hardware/Memória RAM/DDR 5,Sem Garantia,False,https://www.kabum.com.br/produto/456812/memoria-para-notebook-kingston-fury-impact-16gb-ddr5-4800mhz-cl38-kf548s38ib-16
2026-07-01,ram,448315,"Memória RAM Kingston Fury Beast para Intel XMP, RGB, 16GB, 5600MHz, DDR5, CL40, Branco - KF556C40BWA-16",2647.05,2647.05,2249.99,15,5,1,True,Kingston,Hardware/Memória RAM/DDR 5,10 anos de garantia (3 meses de garantia legal + 117 meses de garantia contratual junto ao fabricante),False,https://www.kabum.com.br/produto/448315/memoria-ram-kingston-fury-beast-para-intel-xmp-rgb-16gb-5600mhz-ddr5-cl40-branco-kf556c40bwa-16
2026-07-01,ram,872471,Memória Ram Para Lenovo Thinkagile 32gb Ddr4 2666mhz Ecc,0.0,1399.0,1399.0,0,0,0,True,Outros,Hardware/Memória RAM/DDR 4/2666MHz,Sem Garantia,True,https://www.kabum.com.br/produto/872471/memoria-ram-para-lenovo-thinkagile-32gb-ddr4-2666mhz-ecc
2026-07-01,ram,992421,Memória Para Notebook Samsung 16gb 3200mhz Ddr4 (sem Embalagem) 1rx8- M471a2g43ab2-cwe - 6939,0.0,785.0,785.0,0,0,0,True,Samsung,Hardware/Memória RAM/DDR 4/3200MHz,Sem Garantia,False,https://www.kabum.com.br/produto/992421/memoria-para-notebook-samsung-16gb-3200mhz-ddr4-sem-embalagem-1rx8-m471a2g43ab2-cwe-6939
2026-07-01,ram,893295,"Memória Ddr3l 1,35v Notebook 8GB 1600mhz Bestbattery",0.0,275.2,261.44,5,0,0,True,BEST BATTERY,Hardware/Memória RAM/DDR 3,Sem Garantia,False,https://www.kabum.com.br/produto/893295/memoria-ddr3l-1-35v-notebook-8gb-1600mhz-bestbattery
2026-07-01,ram,905824,Memória Ram Kingston 4gb Ddr3l 1600mhz Kvr16ls11/4 1.5v So-dimm – Notebook,0.0,89.9,83.61,7,0,0,True,Kingston,Hardware/Memória RAM/DDR 3/1600 Mhz PC12800,Sem Garantia,False,https://www.kabum.com.br/produto/905824/memoria-ram-kingston-4gb-ddr3l-1600mhz-kvr16ls11-4-1-35v-so-dimm-notebook
2026-07-01,ram,699118,Memória Ram Ddr4 8GB 3200mhz Hiksemi Future RGB,0.0,705.76,599.9,15,0,0,True,Hiksemi,Hardware/Memória RAM/DDR 4/3200MHz,Sem Garantia,False,https://www.kabum.com.br/produto/699118/memoria-ram-ddr4-8gb-3200mhz-hiksemi-future-rgb
2026-07-01,ram,994612,Memoria Kingston 8GB Ddr5 5600mhz Kvr56u46bs6-8,0.0,1421.0,1278.9,10,0,0,True,Kingston,Hardware/Memória RAM/DDR 5,Sem Garantia,False,https://www.kabum.com.br/produto/994612/memoria-kingston-8gb-ddr5-5600mhz-kvr56u46bs6-8
2026-07-01,ram,957185,Memoria 8GB Ddr4 Para Dell Inspiron 5579 5580 5582 5583 5584,0.0,849.0,806.55,5,0,0,True,Outros,Hardware/Memória RAM/DDR 4/2666MHz,Sem Garantia,True,https://www.kabum.com.br/produto/957185/memoria-8gb-ddr4-para-dell-inspiron-5579-5580-5582-5583-5584
2026-07-01,ram,532743,"Memória Dale7, 8GB, 5600Mhz, DDR5, Notebook, 1.1v",0.0,709.89,709.89,0,5,2,True,Outros,Hardware/Memória RAM/DDR 5,Sem Garantia,False,https://www.kabum.com.br/produto/532743/memoria-dale7-8gb-5600mhz-ddr5-notebook-1-1v
2026-07-01,ram,952173,Memória Ram 8GB Ddr4 2133mhz Ecc Para Placa Mãe - X11 E X10,0.0,759.0,759.0,0,0,0,True,Outros,Hardware/Memória RAM/DDR 4/2133MHz,Sem Garantia,True,https://www.kabum.com.br/produto/952173/memoria-ram-8gb-ddr4-2133mhz-ecc-para-placa-mae-x11-e-x10
2026-07-01,ram,914681,Memória Ram Ddr4 Sodimm 8GB 3200mhz Ct8g4sfra32a - Crucial,0.0,719.9,683.91,5,0,0,True,Crucial,Hardware/Memória RAM/DDR 4/3200MHz,Sem Garantia,False,https://www.kabum.com.br/produto/914681/memoria-ram-ddr4-sodimm-8gb-3200mhz-ct8g4sfra32a-crucial
2026-07-01,ram,471495,"Memoria Para Notebook Keepdata, 4GB, 3200MHz, DDR4 - Kd32s22/4g",0.0,257.9,257.9,0,0,0,True,KEEPDATA,Hardware/Memória RAM/DDR 4,Sem Garantia,False,https://www.kabum.com.br/produto/471495/memoria-para-notebook-keepdata-4gb-3200mhz-ddr4-kd32s22-4g
2026-07-01,ram,994702,Memoria Kingston 8GB Ddr4 3200mhz Low Profile Kvr32n22s8l/8wp,0.0,575.29,471.74,18,0,0,True,Kingston,Hardware/Memória RAM/DDR 4,Sem Garantia,True,https://www.kabum.com.br/produto/994702/memoria-kingston-8gb-ddr4-3200mhz-low-profile-kvr32n22s8l-8wp
2026-07-01,ram,886360,"Memória Ram 16gb Ddr3 1600mhz 10600r Servidores Hp, Ibm, Dell",0.0,452.0,452.0,0,0,0,True,Outros,Hardware/Memória RAM/DDR 3/1600 Mhz PC12800,Sem Garantia,True,https://www.kabum.com.br/produto/886360/memoria-ram-16gb-ddr3-1600mhz-10600r-servidores-hp-ibm-dell
2026-07-01,ram,713336,Memoria 16gb Ddr4 2400mhz 1.2v Cl17 Crucial Ct16g4dfd824a,0.0,849.9,849.9,0,0,0,True,Crucial,Hardware/Memória RAM/DDR 4,Sem Garantia,False,https://www.kabum.com.br/produto/713336/memoria-16gb-ddr4-2400mhz-1-2v-cl17-crucial-ct16g4dfd824a
2026-07-01,ram,175047,"Memória Lexar, 8GB, 2666MHz, DDR4, CL19 - LD4AU008G-R2666U",0.0,623.82,511.53,18,0,0,True,Lexar,Hardware/Memória RAM/DDR 4,Sem Garantia,True,https://www.kabum.com.br/produto/175047/memoria-lexar-8gb-2666mhz-ddr4-cl19-ld4au008g-r2666u
2026-07-01,ram,907376,Memoria Notebook   8GB Ddr4 2666 Cl19 1.2v Soddim Sgm8gl2666cl19nb Sgmax,0.0,310.5,270.14,13,0,0,True,Outros,Hardware/Memória RAM/DDR 4,Sem Garantia,False,https://www.kabum.com.br/produto/907376/memoria-notebook-8gb-ddr4-2666-cl19-1-2v-soddim-sgm8gl2666cl19nb-sgmax
2026-07-01,ram,886380,Memória Ram 16gb Proliant Dl160 Dl180 Dl360 Dl380 Gen9,0.0,989.0,989.0,0,0,0,True,Outros,Hardware/Memória RAM/DDR 4/3200MHz,Sem Garantia,True,https://www.kabum.com.br/produto/886380/memoria-ram-16gb-proliant-dl160-dl180-dl360-dl380-ml30-gen9
2026-07-01,ram,503423,"Memória Gamer 8GB, DDR3, 1600mhz",0.0,379.9,379.9,0,0,0,True,GOLDENTEC ACESSORIOS,Hardware/Memória RAM/DDR 3,Sem Garantia,False,https://www.kabum.com.br/produto/503423/memoria-gamer-8gb-ddr3-1600mhz
2026-07-01,ram,533043,"Memória Dale7, 2GB, 1066Mhz, DDR3, Notebook, 1.5v",0.0,63.89,63.89,0,0,0,True,Outros,Hardware/Memória RAM/DDR 3,Sem Garantia,False,https://www.kabum.com.br/produto/533043/memoria-dale7-2gb-1066mhz-ddr3-notebook-1-5v
2026-07-01,ram,956861,Memoria Notebook Ddr3 8GB 1600mhz Cl 11 PC3-12800s Ddr3l 1.35v X-linne Pn: Xlm2yntd38GB1600,0.0,147.95,147.95,0,0,0,True,Xlinne,Hardware/Memória RAM/DDR 3/1600 Mhz PC12800,Sem Garantia,False,https://www.kabum.com.br/produto/956861/memoria-notebook-ddr3-8gb-1600mhz-cl-11-pc3-12800s-ddr3l-1-35v-x-linne-pn-xlm2yntd38gb1600
2026-07-01,ram,533347,"Memória Gamer Dale7 No Limits, 16GB, 2666Mhz, DDR4, Desktop, Azul",0.0,668.89,668.89,0,0,0,True,Outros,Hardware/Memória RAM/DDR 4,Sem Garantia,False,https://www.kabum.com.br/produto/533347/memoria-gamer-dale7-no-limits-16gb-2666mhz-ddr4-desktop-azul
2026-07-01,ram,587876,Memória  Hikvision 8GB 3200mhz DDR4 Preta,0.0,662.67,609.66,8,0,0,True,Outros,Hardware/Memória RAM/DDR 4/3200MHz,Sem Garantia,False,https://www.kabum.com.br/produto/587876/memoria-hikvision-8gb-3200mhz-ddr4-preta
2026-07-01,ram,134840,"Memória Kingston, 4GB, 1600MHz, DDR3, CL11, Para Notebook - KCP3L16SS8/4",0.0,488.3,488.3,0,0,0,True,Kingston,Hardware/Memória RAM/DDR 3,1 ano de garantia (3 meses de garantia legal + 9 meses de garantia contratual junto ao fabricante),False,https://www.kabum.com.br/produto/134840/memoria-kingston-4gb-1600mhz-ddr3-cl11-para-notebook-kcp3l16ss8-4
2026-07-01,ram,406670,"Memória NTC, 16GB, 2666MHz, DDR4, 1.2V, Para Notebook",0.0,1099.9,978.91,11,5,2,True,NTC,Hardware/Memória RAM/DDR 4,Sem Garantia,False,https://www.kabum.com.br/produto/406670/memoria-ntc-16gb-2666mhz-ddr4-1-2v-para-notebook
2026-07-01,ram,117525,"Memória Oxy, 8GB, 1600MHz, DDR3L, 1.35V, Para Notebook",0.0,264.0,264.0,0,5,1,True,Oxy,Hardware/Memória RAM/DDR 3,3 meses de garantia legal,False,https://www.kabum.com.br/produto/117525/memoria-oxy-8gb-1600mhz-ddr3l-1-35v-para-notebook
2026-07-01,ram,532692,"Memória Gamer Dale7 No Limits, 16GB, 2133Mhz, DDR4, Desktop, Azul",0.0,668.89,668.89,0,0,0,True,Outros,Hardware/Memória RAM/DDR 4,Sem Garantia,False,https://www.kabum.com.br/produto/532692/memoria-gamer-dale7-no-limits-16gb-2133mhz-ddr4-desktop-azul
2026-07-01,ram,1022077,Memória Ddr4 16gb 2666mhz Sodimm Sk Hynix,0.0,749.0,749.0,0,0,0,True,SK HYNIX,Hardware/Memória RAM/DDR 4/2666MHz,Sem Garantia,False,https://www.kabum.com.br/produto/1022077/memoria-ddr4-16gb-2666mhz-sodimm-sk-hynix
2026-07-01,ram,532555,"Memória Gamer Dale7 No Limits, 8GB, 1333Mhz, DDR3, Desktop, Azul",0.0,199.89,199.89,0,0,0,True,Outros,Hardware/Memória RAM/DDR 3,Sem Garantia,False,https://www.kabum.com.br/produto/532555/memoria-gamer-dale7-no-limits-8gb-1333mhz-ddr3-desktop-azul
2026-07-01,ram,883364,Memória Ram 16gb 2400 Mhz Ecc Registrada Para Lenovo Thinkserver,0.0,990.0,990.0,0,0,0,True,Outros,Hardware/Memória RAM/DDR 4/2400MHz,Sem Garantia,True,https://www.kabum.com.br/produto/883364/memoria-ram-16gb-2400-mhz-ecc-registrada-para-lenovo-thinkserver
2026-07-01,ram,883373,Memória Ram 8GB 2400 Mhz Ecc Registrada Para Lenovo Thinkserver,0.0,739.0,739.0,0,0,0,True,Outros,Hardware/Memória RAM/DDR 4/2400MHz,Sem Garantia,True,https://www.kabum.com.br/produto/883373/memoria-ram-8gb-2400-mhz-ecc-registrada-para-lenovo-thinkserver
2026-07-01,ram,721872,Memoria 32gb Ddr4 Brazilpc 3200mhz Bpc3200d4cl22/32g O&m,0.0,1860.79,1730.53,7,0,0,True,Brazil PC,Hardware/Memória RAM/DDR 4/3200MHz,Sem Garantia,False,https://www.kabum.com.br/produto/721872/memoria-32gb-ddr4-brazilpc-3200mhz-bpc3200d4cl22-32g-o-m
2026-07-01,ram,999968,"Memória 8GB Ddr4 3200mhz, Kingston Fury Beast Para Desktop/gamers, Kf432c16bb/8wp",0.0,762.0,762.0,0,0,0,True,Kingston,Hardware/Memória RAM/DDR 4,Sem Garantia,False,https://www.kabum.com.br/produto/999968/memoria-8gb-ddr4-3200mhz-kingston-fury-beast-para-desktop-gamers-kf432c16bb-8wp
2026-07-01,ram,1003485,Memoria Notebook  16gb Ddr5 5200 Cl42 1.1v Lo-dimm NbDDR5165200 Macroway,0.0,1579.5,1374.17,13,0,0,True,Macroway,Hardware/Memória RAM/DDR 5,Sem Garantia,False,https://www.kabum.com.br/produto/1003485/memoria-notebook-16gb-ddr5-5200-cl42-1-1v-lo-dimm-nbddr5165200-macroway
2026-07-01,ram,995535,Memoria 8GB Ddr4 Dell Inspiron 20-3064 22 3280 22 3000 3264,0.0,849.0,806.55,5,0,0,True,Outros,Hardware/Memória RAM/DDR 4/2666MHz,Sem Garantia,True,https://www.kabum.com.br/produto/995535/memoria-8gb-ddr4-para-dell-inspiron-13-5000-5368-5370-5378
2026-07-01,ram,995540,Memoria 16gb Ddr4 Para Dell Vostro 3710 3910 Xps 8900 8910,0.0,1599.0,1519.05,5,0,0,True,Outros,Hardware/Memória RAM/DDR 4/3200MHz,Sem Garantia,True,https://www.kabum.com.br/produto/995540/memoria-16gb-ddr4-para-dell-vostro-3710-3910-xps-8900-8910
2026-07-01,ram,374551,"Memória Kingston HyperX, 32GB, 3200MHz, DDR4, CL22 - KVR32N22D8/32",0.0,2461.52,2338.44,5,0,0,True,Kingston,Hardware/Memória RAM/DDR 4,Sem Garantia,False,https://www.kabum.com.br/produto/374551/memoria-kingston-hyperx-32gb-3200mhz-ddr4-cl22-kvr32n22d8-32
2026-07-01,ram,921887,Memoria Notebook   4gb Ddr4 2666 Cl19 1.2v Soddim Sgm4gl2666cl19nb Sgmax,0.0,222.75,193.79,13,0,0,True,Outros,Hardware/Memória RAM/DDR 4/2666MHz,Sem Garantia,False,https://www.kabum.com.br/produto/921887/memoria-notebook-4gb-ddr4-2666-cl19-1-2v-soddim-sgm4gl2666cl19nb-sgmax
2026-07-01,ram,173894,"Memória, ADATA, 8GB, 2666MHz, DDR4, Para Notebook - AD4S26668G19-SGN",0.0,499.9,499.9,0,0,0,True,Adata,Hardware/Memória RAM/DDR 4,Sem Garantia,False,https://www.kabum.com.br/produto/173894/memoria-adata-8gb-2666mhz-ddr4-para-notebook-ad4s26668g19-sgn
2026-07-01,ram,495639,"Memória Xpg Spectrix D35g RGB, 32GB, 1x32GB, 3200mhz, DDR4, Preto",0.0,2660.0,2660.0,0,0,0,True,XPG,Hardware/Memória RAM/DDR 4,Sem Garantia,False,https://www.kabum.com.br/produto/495639/memoria-xpg-spectrix-d35g-rgb-32gb-1x32gb-3200mhz-ddr4-preto
2026-07-01,ram,941143,Memória Ram Ddr4 8GB 2666mhz Westgatte Notebookmemória Ram Ddr4 8GB 2666mhz Westgatte Notebook,0.0,489.0,489.0,0,0,0,True,Outros,Hardware/Memória RAM/DDR 4/2666MHz,Sem Garantia,False,https://www.kabum.com.br/produto/941143/memoria-ram-ddr4-8gb-2666mhz-westgatte-notebookmemoria-ram-ddr4-8gb-2666mhz-westgatte-notebook
2026-07-01,ram,533062,"Memória Gamer Dale7 No Limits, 8GB, 2400Mhz, DDR4, Desktop, Vermelho",0.0,459.89,459.89,0,0,0,True,Outros,Hardware/Memória RAM/DDR 4,Sem Garantia,False,https://www.kabum.com.br/produto/533062/memoria-gamer-dale7-no-limits-8gb-2400mhz-ddr4-desktop-vermelho
2026-07-01,ram,703268,Memoria Redragon Sand 8GB Ddr4 3200mhz Cl22 Gm-707,0.0,629.0,629.0,0,0,0,True,Redragon,Hardware/Memória RAM/DDR 4/3200MHz,Sem Garantia,False,https://www.kabum.com.br/produto/703268/memoria-redragon-sand-8gb-ddr4-3200mhz-cl22-gm-707
2026-07-01,ram,694261,"Memória Hiksemi Armor, 8GB, Ddr4, 3200mhz, 1.35v, Desktop - Black - Hsc408u32d2",873.75,873.75,742.69,15,0,0,True,Hiksemi,Hardware/Memória RAM/DDR 4,Sem Garantia,False,https://www.kabum.com.br/produto/694261/memoria-hiksemi-armor-8gb-ddr4-3200mhz-1-35v-desktop-black-hsc408u32d2
2026-07-01,ram,538533,"Memória Xpg Spectrix D35g, 32GB, DDR4, 3200mhz, Cl 16-20-20, RGB, Desktop - Branco - Ax4u320032g16a-swhd35g",0.0,3005.16,2854.9,5,0,0,True,Adata,Hardware/Memória RAM/DDR 4,Sem Garantia,False,https://www.kabum.com.br/produto/538533/memoria-xpg-spectrix-d35g-32gb-ddr4-3200mhz-cl-16-20-20-rgb-desktop-branco-ax4u320032g16a-swhd35g
2026-07-01,ram,532684,"Memória Dale7, 16GB, 4800Mhz, DDR5, Notebook, 1.1v",0.0,1253.89,1253.89,0,0,0,True,Outros,Hardware/Memória RAM/DDR 5,Sem Garantia,False,https://www.kabum.com.br/produto/532684/memoria-dale7-16gb-4800mhz-ddr5-notebook-1-1v
2026-07-01,ram,883355,Memória Ram 16gb Dell Poweredge R420 R520 R620 R720 R820 920,0.0,499.0,399.2,20,0,0,True,Outros,Hardware/Memória RAM/DDR 3,Sem Garantia,True,https://www.kabum.com.br/produto/883355/memoria-ram-16gb-dell-poweredge-r420-r520-r620-r720-r820-920
2026-07-01,ram,464061,"Memória Notebook Kingston, 16GB, DDR4 3200mhz - KVR32S22D8/16",0.0,1150.0,1150.0,0,0,0,True,Kingston,Hardware/Memória RAM/DDR 4,Sem Garantia,False,https://www.kabum.com.br/produto/464061/memoria-notebook-kingston-16gb-ddr4-3200mhz-kvr32s22d8-16
2026-07-01,ram,952216,"Memória Ram  8GB Ddr4 Udimm Ecc - Dell Poweredge T130, T140, T330, T30, R230, R330",0.0,1259.0,1259.0,0,0,0,True,Outros,Hardware/Memória RAM/DDR 4/2400MHz,Sem Garantia,True,https://www.kabum.com.br/produto/952216/memoria-ram-8gb-ddr4-udimm-ecc-dell-poweredge-t130-t140-t330-t30-r230-r330
2026-07-01,ram,533013,"Memória Dale7, 8GB, 1600Mhz, DDR3, Notebook, 1.5v",0.0,131.89,131.89,0,0,0,True,Outros,Hardware/Memória RAM/DDR 3,Sem Garantia,False,https://www.kabum.com.br/produto/533013/memoria-dale7-8gb-1600mhz-ddr3-notebook-1-5v
2026-07-01,ram,707935,Memória Crucial 16gb Ddr5 5600mhz Ct16g56c46u5,0.0,1803.1,1803.1,0,0,0,True,Crucial,Hardware/Memória RAM/DDR 5/5600MHz,Sem Garantia,False,https://www.kabum.com.br/produto/707935/mem-ria-crucial-16gb-ddr5-5600mhz-ct16g56c46u5
2026-07-01,ram,184065,"Memória Kingston, 8GB, 2666MHz, DDR4, Para Notebook - KVR26S19S6-8.",0.0,449.9,449.9,0,0,0,True,Kingston,Hardware/Memória RAM/DDR 4,Sem Garantia,False,https://www.kabum.com.br/produto/184065/memoria-kingston-8gb-2666mhz-ddr4-para-notebook-kvr26s19s6-8
2026-07-01,ram,995621,Memoria Ram Kingston 8GB Ddr3 13333mhz Notebook,0.0,178.0,160.2,10,0,0,True,Kingston,Hardware/Memória RAM/DDR 3/1333 Mhz PC10666,Sem Garantia,True,https://www.kabum.com.br/produto/995621/memoria-ram-kingston-8gb-ddr3-13333mhz-notebook
2026-07-01,ram,707788,Memória Gamer Ddr4 16gb 3200 Mhz Desktop Dale7 No Limits Cor:azul,0.0,714.89,714.89,0,0,0,True,Outros,Hardware/Memória RAM/DDR 4/3200MHz,Sem Garantia,False,https://www.kabum.com.br/produto/707788/memoria-gamer-ddr4-16gb-3200-mhz-desktop-dale7-no-limits-cor-azul
2026-07-01,ram,268007,"Memória Kingston DIMM, 16GB, 2400MHz, DDR4, CL17, Non-ECC, Para Desktop - KVR24N17D8/16",0.0,1099.0,1099.0,0,0,0,True,Kingston,Hardware/Memória RAM/DDR 4,Sem Garantia,False,https://www.kabum.com.br/produto/268007/memoria-kingston-dimm-16gb-2400mhz-ddr4-cl17-non-ecc-para-desktop-kvr24n17d8-16
2026-07-01,ram,833959,Memória Ram Para Servidor Hp Proliant Ml310e G8 V2 - 8GB Ecc.,0.0,599.0,599.0,0,0,0,True,Outros,Hardware/Memória RAM/DDR 3,Sem Garantia,True,https://www.kabum.com.br/produto/833959/memoria-ram-para-servidor-hp-proliant-ml310e-g8-v2-8gb-ecc
2026-07-01,ram,253866,"Memória Corsair Vengeance LPX Black, 8GB, 2400MHz, DDR4, CL16 - CMK8GX4M1A2400C16",0.0,642.97,642.97,0,0,0,True,Corsair,Hardware/Memória RAM/DDR 4,Sem Garantia,False,https://www.kabum.com.br/produto/253866/memoria-corsair-vengeance-lpx-black-8gb-2400mhz-ddr4-cl16-cmk8gx4m1a2400c16
2026-07-01,ram,533050,"Memória Dale7, 8GB, 2400Mhz, DDR4, Notebook, 1.2v",0.0,373.89,373.89,0,0,0,True,Outros,Hardware/Memória RAM/DDR 4,Sem Garantia,False,https://www.kabum.com.br/produto/533050/memoria-dale7-8gb-2400mhz-ddr4-notebook-1-2v
2026-07-01,ram,878667,Memória Ram Para Lenovo Thinksystem 16gb Ddr4 2666mhz Ecc,0.0,899.0,899.0,0,0,0,True,Outros,Hardware/Memória RAM/DDR 4/2666MHz,Sem Garantia,True,https://www.kabum.com.br/produto/878667/memoria-ram-para-lenovo-thinksystem-16gb-ddr4-2666mhz-ecc
2026-07-01,ram,1033879,Memoria 8GB P/ Notebook Kingston Ddr4 2400mhz Kvr24s17s8/8,0.0,459.0,459.0,0,0,0,True,Kingston,Hardware/Memória RAM/DDR 4/2400MHz,Sem Garantia,False,https://www.kabum.com.br/produto/1033879/memoria-8gb-p-notebook-kingston-ddr4-2400mhz-kvr24s17s8-8
2026-07-01,ram,508810,"Memória Patriot Viper Steel Para Notebook, 16GB,1x16GB 3200mhz, DDR4, Cl 18 - Pvs416g320c8s",0.0,1011.14,1011.14,0,0,0,True,Patriot,Hardware/Memória RAM/DDR 4,Sem Garantia,False,https://www.kabum.com.br/produto/508810/memoria-patriot-viper-steel-para-notebook-16gb-1x16gb-3200mhz-ddr4-cl-18-pvs416g320c8s
2026-07-01,ram,657212,"Memória Patriot Signature, 8GB, Ddr4, 3200mhz, 1.2v, Cl 20, Desktop - Psd48g32002",0.0,699.89,629.9,10,0,0,True,Patriot,Hardware/Memória RAM/DDR 4/3200MHz,Sem Garantia,False,https://www.kabum.com.br/produto/657212/memoria-patriot-signature-8gb-ddr4-3200mhz-1-2v-cl-20-desktop-psd48g32002
2026-07-01,ram,388362,"Memória Smith, 4GB, 1600MHz, DDR3 - SA8-4G1600U64X8",0.0,247.99,223.19,10,0,0,True,Outros,Hardware/Memória RAM/DDR 3,Sem Garantia,False,https://www.kabum.com.br/produto/388362/memoria-smith-4gb-1600mhz-ddr3-sa8-4g1600u64x8
2026-07-01,ram,483199,"Memoria Kingston 32GB, DDR4 3200mhz 1.2v - Kcp432nd8/32",0.0,1899.0,1899.0,0,0,0,True,Kingston,Hardware/Memória RAM/DDR 4,Sem Garantia,False,https://www.kabum.com.br/produto/483199/memoria-kingston-32gb-ddr4-3200mhz-1-2v-kcp432nd8-32
2026-07-01,ram,616920,"Memória Ram Corsair Vengeance, 16gb, Ddr5 5200mhz, Cl40, Preto - Cmk16gx5m1b5200c40.",0.0,1952.61,1952.61,0,5,1,True,Corsair,Hardware/Memória RAM/DDR 5/5200MHz,Sem Garantia,False,https://www.kabum.com.br/produto/616920/memoria-ram-corsair-vengeance-16gb-ddr5-5200mhz-cl40-preto-cmk16gx5m1b5200c40
2026-07-01,ram,952215,Memória Ram  8GB Ddr4 Ecc - Hp Proliant Ml30 Gen9  Dl20 G9,0.0,1259.0,1259.0,0,0,0,True,Outros,Hardware/Memória RAM/DDR 4/2400MHz,Sem Garantia,True,https://www.kabum.com.br/produto/952215/memoria-ram-8gb-ddr4-ecc-hp-proliant-ml30-gen9-dl20-g9
2026-07-01,ram,1017953,Memória Notebook Smart 8GB Ddr4 3200mhz,0.0,379.0,379.0,0,0,0,True,Smart,Hardware/Memória RAM/DDR 4/3200MHz,Sem Garantia,False,https://www.kabum.com.br/produto/1017953/memoria-notebook-smart-8gb-ddr4-3200mhz
2026-07-01,ram,533021,"Memória Dale7, 16GB, 2666Mhz, DDR4, Notebook, 1.2v",0.0,643.89,643.89,0,0,0,True,Outros,Hardware/Memória RAM/DDR 4,Sem Garantia,False,https://www.kabum.com.br/produto/533021/memoria-dale7-16gb-2666mhz-ddr4-notebook-1-2v
2026-07-01,ram,262350,"Memória Corsair Vengeance DIMM, 8GB, 2400MHz, DDR4, Para Notebook - CMSX8GX4M1A2400C16.",0.0,604.0,604.0,0,0,0,True,Corsair,Hardware/Memória RAM/DDR 4,Sem Garantia,False,https://www.kabum.com.br/produto/262350/memoria-corsair-vengeance-dimm-8gb-2400mhz-ddr4-para-notebook-cmsx8gx4m1a2400c16-
2026-07-01,ram,532559,"Memória Gamer Dale7 No Limits, 8GB, 1333Mhz, DDR3, Desktop, Branco",0.0,199.89,199.89,0,0,0,True,Outros,Hardware/Memória RAM/DDR 3,Sem Garantia,False,https://www.kabum.com.br/produto/532559/memoria-gamer-dale7-no-limits-8gb-1333mhz-ddr3-desktop-branco
2026-07-01,ram,13362,"Memória RAM Corsair Vengeance, 4GB, 1600MHz, DDR3, CL9, Preto - CMZ4GX3M1A1600C9",0.0,352.93,299.99,15,5,820,True,Corsair,Hardware/Memória RAM/DDR 3,1 ano de garantia (3 meses de garantia legal + 9 meses de garantia contratual junto ao fabricante),False,https://www.kabum.com.br/produto/13362/memoria-ram-corsair-vengeance-4gb-1600mhz-ddr3-cl9-preto-cmz4gx3m1a1600c9
2026-07-01,ram,589176,"Memória Kingspec, 16GB, 2666MHz, DDR4, Black DIMM",0.0,1436.0,1436.0,0,0,0,True,Kingspec,Hardware/Memória RAM/DDR 4/2666MHz,Sem Garantia,False,https://www.kabum.com.br/produto/589176/memoria-kingspec-16gb-2666mhz-ddr4-black-dimm
2026-07-01,ram,532768,"Memória Gamer Dale7 No Limit, 8GB, 1866Mhz, DDR3, Desktop, Vermelho",0.0,199.89,199.89,0,0,0,True,Outros,Hardware/Memória RAM/DDR 3,Sem Garantia,False,https://www.kabum.com.br/produto/532768/memoria-gamer-dale7-no-limit-8gb-1866mhz-ddr3-desktop-vermelho
2026-07-01,ram,577505,"Memória 16gb Kingston, Ddr4, 2400mhz, Cl17 - Kvr24n17s8/16",0.0,793.15,753.49,5,3,1,True,Kingston,Hardware/Memória RAM/DDR 4,Sem Garantia,False,https://www.kabum.com.br/produto/577505/memoria-16gb-kingston-ddr4-2400mhz-cl17-kvr24n17s8-16
2026-07-01,ram,883365,Memória Ram 16gb 2400 Mhz Ecc Registrada Para Dell Poweredge,0.0,990.0,990.0,0,0,0,True,Outros,Hardware/Memória RAM/DDR 4/2400MHz,Sem Garantia,True,https://www.kabum.com.br/produto/883365/memoria-ram-16gb-2400-mhz-ecc-registrada-para-dell-poweredge
2026-07-01,ram,519098,"Memória Kingston Fury Beast, 32GB, DDR4 3200mhz,  RGB, Preto - Kf432c16bb2a/32",0.0,2276.98,2276.98,0,0,0,True,Kingston,Hardware/Memória RAM/DDR 4,Sem Garantia,False,https://www.kabum.com.br/produto/519098/memoria-kingston-fury-beast-32gb-ddr4-3200mhz-rgb-preto-kf432c16bb2a-32
2026-07-01,ram,472884,"Memória Ram Crucial, 4GB, 1333Mhz, DDR3L, Para Notebook",0.0,159.9,159.9,0,0,0,True,Crucial,Hardware/Memória RAM/DDR 3/1333 Mhz PC10666,Sem Garantia,False,https://www.kabum.com.br/produto/472884/memoria-ram-crucial-4gb-1333mhz-ddr3l-para-notebook
2026-07-01,ram,533055,"Memória Gamer Dale7 No Limits, 8GB, 1600Mhz, DDR3, Desktop, Azul",0.0,199.89,199.89,0,0,0,True,Outros,Hardware/Memória RAM/DDR 3,Sem Garantia,False,https://www.kabum.com.br/produto/533055/memoria-gamer-dale7-no-limits-8gb-1600mhz-ddr3-desktop-azul
2026-07-01,ram,669439,Memória 16gb Ddr5 4800mhz Fnx - Para Desktop - Fnx648us8/16gb,0.0,2749.99,2474.99,10,0,0,True,Outros,Hardware/Memória RAM/DDR 5,Sem Garantia,False,https://www.kabum.com.br/produto/669439/memoria-16gb-ddr5-4800mhz-fnx-para-desktop-fnx648us8-16gb
2026-07-01,ram,947438,Testador De Memoria Ram Notebook Ddr4 Ddr5 Nbtester Oem,0.0,288.9,251.34,13,0,0,True,OEM,Hardware/Memória RAM/Acessórios,Sem Garantia,False,https://www.kabum.com.br/produto/947438/testador-de-memoria-ram-notebook-ddr4-ddr5-nbtester-oem
2026-07-01,ram,990077,Mem 8GB Ddr4 Para Dell Latitude 14 3410 3420 5410 5411 5421,0.0,849.0,806.55,5,0,0,True,Outros,Hardware/Memória RAM/DDR 4/3200MHz,Sem Garantia,True,https://www.kabum.com.br/produto/990077/memoria-8gb-ddr4-para-dell-inspiron-3490-3493-5480-5482-5490
2026-07-01,ram,873489,Memoria Ddr3 8GB 1600mhz Macrovip,0.0,140.55,140.55,0,0,0,True,MACROVIP,Hardware/Memória RAM/DDR 3,Sem Garantia,False,https://www.kabum.com.br/produto/873489/memoria-ddr3-8gb-1600mhz-macrovip
2026-07-01,ram,615454,"Memória RAM Para Notebook Crucial, 16GB, 5200MHz, DDR5, Preto - CT16G52C42S5",0.0,1699.9,1699.9,0,0,0,True,Crucial,Hardware/Memória RAM/DDR 5/5200MHz,Sem Garantia,False,https://www.kabum.com.br/produto/615454/memoria-ram-para-notebook-crucial-16gb-5200mhz-ddr5-preto-ct16g52c42s5
2026-07-01,ram,380253,"Memória Patriot Viper, 16GB, 3200MHz, Para Desktop - PVE2416G320C8",0.0,1221.28,1160.22,5,5,2,True,Patriot,Hardware/Memória RAM/DDR 4,Sem Garantia,False,https://www.kabum.com.br/produto/380253/memoria-patriot-viper-16gb-3200mhz-para-desktop-pve2416g320c8
2026-07-01,ram,883822,Memoria 16gbgb 3200mhz Macrovip Mv32n22/16i,0.0,719.9,719.9,0,0,0,True,MACROVIP,Hardware/Memória RAM/DDR 4,Sem Garantia,False,https://www.kabum.com.br/produto/883822/memoria-16gbgb-3200mhz-macrovip-mv32n22-16i
2026-07-01,ram,764902,Memória Ram 32gb Ddr4 dell Poweredge T430 T440 T630 T640,0.0,1399.0,1399.0,0,0,0,True,Outros,Hardware/Memória RAM/DDR 4,Sem Garantia,True,https://www.kabum.com.br/produto/764902/memoria-ram-32gb-ddr4-dell-poweredge-t430-t440-t630-t640
2026-07-01,ram,117530,"Memória Oxy, 8GB, 2666MHz, DDR4 - OXY26N19S8/8",0.0,649.9,649.9,0,0,0,True,Oxy,Hardware/Memória RAM/DDR 4,10 anos de garantia (3 meses de garantia legal + 117 meses de garantia contratual junto ao fabricante),False,https://www.kabum.com.br/produto/117530/memoria-oxy-8gb-2666mhz-ddr4-oxy26n19s8-8
2026-07-01,ram,378705,"Memória Para Notebook Kingston Fury Impact, 8GB, 3200MHz, DDR4, CL20 - KF432S20IB/8",718.25,718.25,646.42,10,5,2,True,Kingston,Hardware/Memória RAM/DDR 4/3200MHz,Sem Garantia,True,https://www.kabum.com.br/produto/378705/memoria-para-notebook-kingston-fury-impact-8gb-3200mhz-ddr4-cl20-kf432s20ib-8
2026-07-01,ram,1032270,Memória Ram 16gb Lo-dimm Ddr4 3200mhz  Desktop Preta,0.0,835.18,709.9,15,0,0,True,Macroway,Hardware/Memória RAM/DDR 4/3200MHz,Sem Garantia,False,https://www.kabum.com.br/produto/1032270/memoria-ram-16gb-lo-dimm-ddr4-3200mhz-desktop-preta
2026-07-01,ram,870592,Memória Ram Desktop Macrovip Ddr4 8GB 3200mhz - Mv32n22/8,0.0,399.9,399.9,0,0,0,True,MACROVIP,Hardware/Memória RAM/DDR 4,Sem Garantia,False,https://www.kabum.com.br/produto/870592/memoria-ram-desktop-macrovip-ddr4-8gb-3200mhz-mv32n22-8
2026-07-01,ram,833818,Memória Para Notebook Corsair Vengeance 32gb 5600mhz Ddr5 - Cmsx32gx5m1a5600c48 - 6398.,0.0,3725.0,3725.0,0,0,0,True,Corsair,Hardware/Memória RAM/DDR 5,Sem Garantia,False,https://www.kabum.com.br/produto/833818/memoria-para-notebook-corsair-vengeance-32gb-5600mhz-ddr5-cmsx32gx5m1a5600c48-6398-
2026-07-01,ram,1017855,"Memória Para Notebook Kingston 32gb Ddr5, 5600mhz, PC5-44800, Sodimm, 262-pin - Kvr56s46bs8/32",0.0,2786.4,2452.03,12,0,0,True,Kingston,Hardware/Memória RAM/DDR 5/5600MHz,Sem Garantia,False,https://www.kabum.com.br/produto/1017855/memoria-para-notebook-kingston-32gb-ddr5-5600mhz-pc5-44800-sodimm-262-pin-kvr56s46bs8-32
2026-07-01,ram,117547,"Memória Oxy, 4GB, 1600MHz, DDR3 - OXY16N11/4G",0.0,139.9,139.9,0,0,0,True,Oxy,Hardware/Memória RAM/DDR 3,10 anos de garantia (3 meses de garantia legal + 117 meses de garantia contratual junto ao fabricante),False,https://www.kabum.com.br/produto/117547/memoria-oxy-4gb-1600mhz-ddr3-oxy16n11-4g
2026-07-01,ram,883372,Memória Ram 16gb 2400 Mhz Ecc Registrada Para Dell Precision,0.0,990.0,990.0,0,0,0,True,Outros,Hardware/Memória RAM/DDR 4/2400MHz,Sem Garantia,True,https://www.kabum.com.br/produto/883372/memoria-ram-16gb-2400-mhz-ecc-registrada-para-dell-precision
2026-07-01,ram,935463,Memória Ram Desktop Ddr4 16gb 2133mhz Crucial Ct16g4dfs82123,0.0,849.9,849.9,0,0,0,True,Crucial,Hardware/Memória RAM/DDR 4/2133MHz,Sem Garantia,False,https://www.kabum.com.br/produto/935463/memoria-ram-desktop-ddr4-16gb-2133mhz-crucial-ct16g4dfs82123
2026-07-01,ram,512395,"Memória Gamer Xpg 8GB, Spectrix D35g, RGB, DDR4, 3200 Mhz, Branco - Ax4u32008g16a-swhd35g",0.0,765.0,765.0,0,5,5,True,Adata,Hardware/Memória RAM/DDR 4/3200MHz,Sem Garantia,False,https://www.kabum.com.br/produto/512395/memoria-gamer-xpg-8gb-spectrix-d35g-rgb-ddr4-3200-mhz-branco-ax4u32008g16a-swhd35g
2026-07-01,ram,542119,"Memoria Ram Notebook Westgatte, 8GB, 1333Mhz, DDR3",0.0,210.0,210.0,0,0,0,True,Outros,Hardware/Memória RAM/DDR 3,Sem Garantia,False,https://www.kabum.com.br/produto/542119/memoria-ram-notebook-westgatte-8gb-1333mhz-ddr3
2026-07-01,ram,1023708,Memória Ddr5 96gb 7000mhz Corsair Vengeance RGB 2x48GB 7 - Cmh96gx5m2b7000c40,0.0,14850.0,14850.0,0,0,0,True,Corsair,Hardware/Memória RAM/DDR 5,Sem Garantia,False,https://www.kabum.com.br/produto/1023708/memoria-ddr5-96gb-7000mhz-corsair-vengeance-rgb-2x48gb-7-cmh96gx5m2b7000c40
2026-07-01,ram,533022,"Memória Dale7,16GB, 2666Mhz, DDR4, Desktop, 1.2v",0.0,643.89,643.89,0,0,0,True,Outros,Hardware/Memória RAM/DDR 4,Sem Garantia,False,https://www.kabum.com.br/produto/533022/memoria-dale7-16gb-2666mhz-ddr4-desktop-1-2v
2026-07-01,ram,886353,Memória Ram 8GB Ddr3 1600mhz 12800r Para Dell Precision,0.0,315.0,315.0,0,0,0,True,Outros,Hardware/Memória RAM/DDR 3/1600 Mhz PC12800,Sem Garantia,True,https://www.kabum.com.br/produto/886353/memoria-ram-8gb-ddr3-1600mhz-12800r-para-dell-precision
2026-07-01,ram,886347,Memória Ram 16gb Ddr3 1333mhz 10600r Para Dell Poweredge,0.0,449.0,449.0,0,0,0,True,Outros,Hardware/Memória RAM/DDR 3/1333 Mhz PC10666,Sem Garantia,True,https://www.kabum.com.br/produto/886347/memoria-ram-16gb-ddr3-1333mhz-10600r-para-dell-poweredge
2026-07-01,ram,478710,"Memória Macrovip, 8GB, 1333MHz, DDR3 -  Mv13n9/8",0.0,189.49,189.49,0,0,0,True,MACROVIP,Hardware/Memória RAM/DDR 3,Sem Garantia,False,https://www.kabum.com.br/produto/478710/memoria-macrovip-8gb-1333mhz-ddr3-mv13n9-8
2026-07-01,ram,318318,"Memória Ram Notebook Ddr4 32gb 3200mhz Cl22 1,2v Netcore",0.0,1846.15,1753.84,5,0,0,True,Netcore,Hardware/Memória RAM/DDR 4/3200MHz,Sem Garantia,False,https://www.kabum.com.br/produto/318318/memoria-ram-notebook-ddr4-32gb-3200mhz-cl22-1-2v-netcore
2026-07-01,ram,713591,Memoria Notebook 16gb Ddr5 5600 Cl46 1.1v Kvr56s46bs8-16 Kingston,0.0,1599.0,1599.0,0,0,0,True,Kingston,Hardware/Memória RAM/DDR 5,Sem Garantia,False,https://www.kabum.com.br/produto/713591/memoria-notebook-16gb-ddr5-5600-cl46-1-1v-kvr56s46bs8-16-kingston
2026-07-01,ram,532557,"Memória Gamer Dale7 No Limits, 4GB, 1333Mhz, DDR3, Desktop, Azul",0.0,111.89,111.89,0,0,0,True,Outros,Hardware/Memória RAM/DDR 3/1333 Mhz PC10666,Sem Garantia,False,https://www.kabum.com.br/produto/532557/memoria-gamer-dale7-no-limits-4gb-1333mhz-ddr3-desktop-azul
2026-07-01,ram,1029210,"Memória Kingston Fury Beast, 16gb, 5600mhz, Ddr5, Cl40, Preto - Kf556c40bb-16",0.0,1999.99,1999.99,0,0,0,True,Kingston,Hardware/Memória RAM/DDR 5/5600MHz,Sem Garantia,True,https://www.kabum.com.br/produto/1029210/memoria-kingston-fury-beast-16gb-5600mhz-ddr5-cl40-preto-kf556c40bb-16
2026-07-01,ram,318435,"Memória Patriot Signature Line, 8GB, 3200MHz, DDR4, CL22, 1.2V - PSD48G320081",0.0,861.01,792.13,8,5,1,True,Patriot,Hardware/Memória RAM/DDR 4,Sem Garantia,False,https://www.kabum.com.br/produto/318435/memoria-patriot-signature-line-8gb-3200mhz-ddr4-cl22-1-2v-psd48g320081
2026-07-01,ram,886336,"Memória Ram 16gb Ddr3 1333mhz 10600r Servidores Hp, Ibm, Dell",0.0,449.0,449.0,0,0,0,True,Outros,Hardware/Memória RAM/DDR 3/1333 Mhz PC10666,Sem Garantia,True,https://www.kabum.com.br/produto/886336/memoria-ram-16gb-ddr3-1333mhz-10600r-servidores-hp-ibm-dell
2026-07-01,ram,532577,"Memória Dale7, 4GB, 1333Mhz, DDR3, Desktop, 1.5v",0.0,96.89,96.89,0,0,0,True,Outros,Hardware/Memória RAM/DDR 3,Sem Garantia,False,https://www.kabum.com.br/produto/532577/memoria-dale7-4gb-1333mhz-ddr3-desktop-1-5v
2026-07-01,ram,580014,"Memória Ram Gamer Para Notebook Kingston Fury Impact, 32GB, 2666MHz, DDR4",0.0,3489.99,3385.29,3,0,0,True,Kingston,Hardware/Memória RAM/DDR 4,Sem Garantia,True,https://www.kabum.com.br/produto/580014/memoria-ram-gamer-para-notebook-kingston-fury-impact-32gb-2666mhz-ddr4
2026-07-01,ram,532556,"Memória Gamer Dale7 No Limits, 4GB, 1333Mhz, DDR3, Desktop, Preto",0.0,111.89,111.89,0,0,0,True,Outros,Hardware/Memória RAM/DDR 3/1333 Mhz PC10666,Sem Garantia,False,https://www.kabum.com.br/produto/532556/memoria-gamer-dale7-no-limits-4gb-1333mhz-ddr3-desktop-preto
2026-07-01,ram,1026622,Mem 8GB Ddr4 Para Dell Optiplex 7010 Versão Ddr4 Mt/sff,0.0,899.0,899.0,0,0,0,True,Dell,Hardware/Memória RAM/DDR 4/2666MHz,Sem Garantia,False,https://www.kabum.com.br/produto/1026622/mem-8gb-ddr4-para-dell-optiplex-7010-versao-ddr4-mt-sff
2026-07-01,ram,579894,"Memória Ram Para Notebook Keepdata, 4GB, 2666MHz, DDR4, PC2666, 1.2V - KD26S19/4G",0.0,289.0,289.0,0,0,0,True,KEEPDATA,Hardware/Memória RAM/DDR 4,Sem Garantia,False,https://www.kabum.com.br/produto/579894/memoria-ram-para-notebook-keepdata-4gb-2666mhz-ddr4-pc2666-1-2v-kd26s19-4g
2026-07-01,ram,532572,"Memória Dale7, 2GB, 1333Mhz, DDR3, Notebook, 1.5v",0.0,58.89,58.89,0,0,0,True,Outros,Hardware/Memória RAM/DDR 3,Sem Garantia,False,https://www.kabum.com.br/produto/532572/memoria-dale7-2gb-1333mhz-ddr3-notebook-1-5v
2026-07-01,ram,655303,Memória Ram Para Notebook Dd5 8GB 4800mhz Crucial,0.0,1099.9,1099.9,0,0,0,True,Crucial,Hardware/Memória RAM/DDR 5/4800MHz,Sem Garantia,False,https://www.kabum.com.br/produto/655303/memoria-ram-para-notebook-dd5-8gb-4800mhz-crucial
2026-07-01,ram,612344,Memória Kingston Fury Impact 8GB Ddr4 3200mhz Kf432s20ib/8,0.0,508.33,508.33,0,0,0,True,Kingston,Hardware/Memória RAM/DDR 4/3200MHz,Sem Garantia,False,https://www.kabum.com.br/produto/612344/memoria-kingston-fury-impact-8gb-ddr4-3200mhz-kf432s20ib-8
2026-07-01,ram,457790,"Memória Sodimm 32GB,2666mhz, DDR4, Corsair Vengeance, 1.2v, C18, para Notebook - Cmsx32gx4m1a2666c18.",0.0,2505.0,2505.0,0,0,0,True,Outros,Hardware/Memória RAM/DDR 4,Sem Garantia,False,https://www.kabum.com.br/produto/457790/memoria-sodimm-32gb-2666mhz-ddr4-corsair-vengeance-1-2v-c18-para-notebook-cmsx32gx4m1a2666c18-
2026-07-01,ram,729807,Memória 16gb Ddr4 3200mhz Redragon - Cl16 - Branco - Gm-712,0.0,1872.77,1535.67,18,0,0,True,Outros,Hardware/Memória RAM/DDR 4,Sem Garantia,True,https://www.kabum.com.br/produto/729807/memoria-16gb-ddr4-3200mhz-redragon-cl16-branco-gm-712
2026-07-01,ram,1007059,Memória Gamer Kingston Fury Hyperx Ddr3 4gb 1866 Mhz Desktop,0.0,159.0,159.0,0,0,0,True,Kingston,Hardware/Memória RAM/DDR 3,Sem Garantia,False,https://www.kabum.com.br/produto/1007059/memoria-gamer-kingston-fury-hyperx-ddr3-4gb-1866-mhz-desktop
2026-07-01,ram,1030255,Mem?ria Kingston 16gb Ddr4 3200mhz P/ Notebook K1cxp8-mie,0.0,922.25,922.25,0,0,0,True,Kingston,Hardware/Memória RAM/DDR 4/3200MHz,Sem Garantia,False,https://www.kabum.com.br/produto/1030255/mem-ria-kingston-16gb-ddr4-3200mhz-p-notebook-k1cxp8-mie
2026-07-01,ram,954056,Memória Ddr5 32gb 6000mhz Corsair Vengeance 2x16gb - Cmk32gx5m2b6000c40,0.0,5399.99,5399.99,0,0,0,True,Corsair,Hardware/Memória RAM/DDR 5/6000MHz,Sem Garantia,False,https://www.kabum.com.br/produto/954056/memoria-ddr5-32gb-6000mhz-corsair-vengeance-2x16gb-cmk32gx5m2b6000c40
2026-07-01,ram,479360,"Memória Sodimm, 16GB, 4800MHz, DDR5, Para Notebook Dell Amd Ryzen - G15-a0506 - G15-a0706",0.0,2629.99,2366.99,10,0,0,True,Outros,Hardware/Memória RAM/DDR 5,Sem Garantia,False,https://www.kabum.com.br/produto/479360/memoria-sodimm-16gb-4800mhz-ddr5-para-notebook-dell-amd-ryzen-g15-a0506-g15-a0706
2026-07-01,ram,996308,Mem 4gb Ddr4 Para Dell Inspiron 5370 14 3478 3468 5471 5468,0.0,350.0,332.5,5,0,0,True,Outros,Hardware/Memória RAM/DDR 4/2666MHz,Sem Garantia,True,https://www.kabum.com.br/produto/996308/mem-4gb-ddr4-para-dell-inspiron-5370-14-3478-3468-5471-5468
2026-07-01,ram,532714,"Memória Dale7, 16GB, 3200Mhz, DDR4, Desktop, 1.2v",0.0,689.89,689.89,0,0,0,True,Outros,Hardware/Memória RAM/DDR 4,Sem Garantia,False,https://www.kabum.com.br/produto/532714/memoria-dale7-16gb-3200mhz-ddr4-desktop-1-2v
2026-07-01,ram,398860,"Memória Ram Para Notebook Kingston Valueram, 16GB, 2666Mhz, DDR4, Cl19 - Kvr26s19s8/16",0.0,1173.75,997.69,15,0,0,True,Kingston,Hardware/Memória RAM/DDR 4/2666MHz,Sem Garantia,False,https://www.kabum.com.br/produto/398860/memoria-ram-para-notebook-kingston-valueram-16gb-2666mhz-ddr4-cl19-kvr26s19s8-16
2026-07-01,ram,995133,Memoria Ram Ddr4 16gb 2666mhz Cl19 Psd416g26662s Patriot,0.0,899.99,899.99,0,0,0,True,Patriot,Hardware/Memória RAM/DDR 4,Sem Garantia,False,https://www.kabum.com.br/produto/995133/memoria-ram-ddr4-16gb-2666mhz-cl19-psd416g26662s-patriot
2026-07-01,ram,533025,"Memória Dale7, 16GB, 2400Mhz, DDR4, Notebook, 1.2v",0.0,643.89,643.89,0,0,0,True,Outros,Hardware/Memória RAM/DDR 4,Sem Garantia,False,https://www.kabum.com.br/produto/533025/memoria-dale7-16gb-2400mhz-ddr4-notebook-1-2v
2026-07-01,ram,575905,Memoria Notebook 8gb Ddr5 4800mhz Adata Sodimm - Ad5s48008g-s,0.0,1359.9,1305.5,4,5,2,True,Adata,Hardware/Memória RAM/DDR 5,Sem Garantia,False,https://www.kabum.com.br/produto/575905/memoria-notebook-8gb-ddr5-4800mhz-adata-sodimm-ad5s48008g-s
2026-07-01,ram,707784,Memória Gamer Ddr4 8GB 3200 Mhz Desktop Dale7 No Limits Cor:vermelho,0.0,486.89,486.89,0,0,0,True,Outros,Hardware/Memória RAM/DDR 4/3200MHz,Sem Garantia,False,https://www.kabum.com.br/produto/707784/memoria-gamer-ddr4-8gb-3200-mhz-desktop-dale7-no-limits-cor-vermelho
2026-07-01,ram,878682,Memória Ram 8GB Ddr4 Ecc Dell Precision T5810 T7810 T7910,0.0,639.0,639.0,0,0,0,True,Outros,Hardware/Memória RAM/DDR 4/2133MHz,Sem Garantia,True,https://www.kabum.com.br/produto/878682/memoria-ram-8gb-ddr4-ecc-dell-precision-t5810-t7810-t7910
2026-07-01,ram,512396,"Memória Gamer Xpg Gammix D35 16GB, DDR4, 3200 Mhz, Branco - Ax4u320016g16a-swhd35",0.0,1506.2,1235.08,18,0,0,True,Outros,Hardware/Memória RAM/DDR 4/3200MHz,Sem Garantia,True,https://www.kabum.com.br/produto/512396/memoria-gamer-xpg-gammix-d35-16gb-ddr4-3200-mhz-branco-ax4u320016g16a-swhd35
2026-07-01,ram,995756,Memoria 16gb Ddr4 Para Dell Precision Workstation 5820,0.0,1499.0,1499.0,0,0,0,True,Outros,Hardware/Memória RAM/DDR 4/2666MHz,Sem Garantia,True,https://www.kabum.com.br/produto/995756/memoria-16gb-ddr4-para-dell-precision-workstation-5820
2026-07-01,ram,992430,Memória Para Notebook Samsung 8GB 2666mhz Ddr4 (sem Embalagem) - M471a1k43cb1-ctd - 7198,0.0,545.0,545.0,0,0,0,True,Samsung,Hardware/Memória RAM/DDR 4/2666MHz,Sem Garantia,False,https://www.kabum.com.br/produto/992430/memoria-para-notebook-samsung-8gb-2666mhz-ddr4-sem-embalagem-m471a1k43cb1-ctd-7198
2026-07-01,ram,533048,"Memória Dale7, 4GB, 1600Mhz, DDR3L, Desktop, 1.35v",0.0,106.89,106.89,0,0,0,True,Outros,Hardware/Memória RAM/DDR 3,Sem Garantia,False,https://www.kabum.com.br/produto/533048/memoria-dale7-4gb-1600mhz-ddr3l-desktop-1-35v
2026-07-01,ram,878687,Memória Ram 8GB Ddr4 Ecc Dell Poweredge T430 - T440 - T630,0.0,639.0,639.0,0,0,0,True,Outros,Hardware/Memória RAM/DDR 4/2133MHz,Sem Garantia,True,https://www.kabum.com.br/produto/878687/memoria-ram-8gb-ddr4-ecc-dell-poweredge-t430-t440-t630
2026-07-01,ram,833817,Memória Para Notebook Corsair Vengeance 16gb 5600mhz Ddr5 - Cmsx16gx5m1a5600c48 - 6259.,0.0,2095.0,2095.0,0,0,0,True,Corsair,Hardware/Memória RAM/DDR 5,Sem Garantia,False,https://www.kabum.com.br/produto/833817/memoria-para-notebook-corsair-vengeance-16gb-5600mhz-ddr5-cmsx16gx5m1a5600c48-6259-
2026-07-01,ram,275811,"Memória Kingston Fury Beast, RGB, 16GB, 3200MHz, DDR4, CL16 - KF432C16BBA/16",0.0,1599.0,1599.0,0,4,4,True,Kingston,Hardware/Memória RAM/DDR 4,Sem Garantia,False,https://www.kabum.com.br/produto/275811/memoria-kingston-fury-beast-rgb-16gb-3200mhz-ddr4-cl16-kf432c16bba-16
2026-07-01,ram,711044,Memoria PCyes Udimm 8GB Ddr5 5600mhz Pm085600d5,0.0,1052.62,947.36,10,0,0,True,PCYES,Hardware/Memória RAM/DDR 5,Sem Garantia,False,https://www.kabum.com.br/produto/711044/memoria-pcyes-udimm-8gb-ddr5-5600mhz-pm085600d5
2026-07-01,ram,652011,Memória De Computador Para Desktop Corsair Vengeance RGB Ddr5 Ram 32gb (2x16gb) 6400mhz Cl36-48-48-104 1.35v Intel Xmp - Preto (cmh32gx5m2b6400c36,0.0,5872.5,5872.5,0,0,0,True,Outros,Hardware/Memória RAM/DDR 5,Sem Garantia,False,https://www.kabum.com.br/produto/652011/memoria-de-computador-para-desktop-corsair-vengeance-rgb-ddr5-ram-32gb-2x16gb-6400mhz-cl36-48-48-104-1-35v-intel-xmp-preto-cmh32gx5m2b6400c36
2026-07-01,ram,533228,"Memória Gamer Dale7 No Limits, 16GB, 2400Mhz, DDR4, Desktop, Branco",0.0,668.89,668.89,0,0,0,True,Outros,Hardware/Memória RAM/DDR 4,Sem Garantia,False,https://www.kabum.com.br/produto/533228/memoria-gamer-dale7-no-limits-16gb-2400mhz-ddr4-desktop-branco
2026-07-01,ram,238143,"Memória ADATA XPG D10, 8GB, 3000MHz, DDR4, CL16, DIMM",0.0,798.47,798.47,0,0,0,True,Adata,Hardware/Memória RAM/DDR 4,Sem Garantia,False,https://www.kabum.com.br/produto/238143/memoria-adata-xpg-d10-8gb-3000mhz-ddr4-cl16-dimm
2026-07-01,ram,355885,"Memória Patriot Gamer Viper Elite II, 8GB, 3200MHz, DDR4, CL18 - PVE248G320C8",0.0,669.19,602.27,10,5,1,True,Patriot,Hardware/Memória RAM/DDR 4/3200MHz,Sem Garantia,False,https://www.kabum.com.br/produto/355885/memoria-patriot-gamer-viper-elite-ii-8gb-3200mhz-ddr4-cl18-pve248g320c8
2026-07-01,ram,996169,Memoria 8GB Ddr3 Para Dell Vostro 3250 3650 3653,0.0,399.0,379.05,5,0,0,True,Outros,Hardware/Memória RAM/DDR 3/1600 Mhz PC12800,Sem Garantia,True,https://www.kabum.com.br/produto/996169/memoria-8gb-ddr3-para-dell-vostro-3250-3650-3653
2026-07-01,ram,877823,Memória Ram Para Lenovo Thinksystem 8GB Ddr4 2666mhz Ecc,0.0,799.0,799.0,0,0,0,True,Outros,Hardware/Memória RAM/DDR 4/2666MHz,Sem Garantia,True,https://www.kabum.com.br/produto/877823/memoria-ram-para-lenovo-thinksystem-8gb-ddr4-2666mhz-ecc
2026-07-01,ram,1006243,Memória Ram Desktop 4gb Ddr4 2400mhz Hyperx Fury,0.0,349.0,349.0,0,0,0,True,Hyperx,Hardware/Memória RAM/DDR 4/2400MHz,Sem Garantia,False,https://www.kabum.com.br/produto/1006243/memoria-ram-desktop-4gb-ddr4-2400mhz-hyperx-fury
2026-07-01,ram,991974,Memória Sodimm 8GB Ddr5 5600mhz - Para Notebook Samsung - Oem,0.0,1689.99,1520.99,10,0,0,True,Outros,Hardware/Memória RAM/DDR 5/5600MHz,Sem Garantia,False,https://www.kabum.com.br/produto/991974/memoria-sodimm-8gb-ddr5-5600mhz-para-notebook-samsung-oem
2026-07-01,ram,391568,"Memória Kingston SODIMM, 32GB, 3200MHz, DDR4 - KVR32S22D8/32",0.0,2199.0,2199.0,0,0,0,True,Kingston,Hardware/Memória RAM/DDR 4,Sem Garantia,False,https://www.kabum.com.br/produto/391568/memoria-kingston-sodimm-32gb-3200mhz-ddr4-kvr32s22d8-32
2026-07-01,ram,532695,"Memória Dale7, 8GB, 4800Mhz, DDR5, Notebook, 1.1v",0.0,709.89,709.89,0,0,0,True,Outros,Hardware/Memória RAM/DDR 5,Sem Garantia,False,https://www.kabum.com.br/produto/532695/memoria-dale7-8gb-4800mhz-ddr5-notebook-1-1v
2026-07-01,ram,1020679,"Memória Ram Para Notebook Kingston Fury Impact, 8GB, 2400mhz, Ddr4",0.0,499.0,499.0,0,0,0,True,Kingston,Hardware/Memória RAM/DDR 4/2400MHz,Sem Garantia,False,https://www.kabum.com.br/produto/1020679/memoria-ram-para-notebook-kingston-fury-impact-8gb-2400mhz-ddr4
2026-07-01,ram,886342,Memória Ram 8GB Ddr3 1333mhz  Hp Proliant Ml350e Ml350p Gen8,0.0,315.0,315.0,0,0,0,True,Outros,Hardware/Memória RAM/DDR 3/1333 Mhz PC10666,Sem Garantia,True,https://www.kabum.com.br/produto/886342/memoria-ram-8gb-ddr3-1333mhz-hp-proliant-ml350e-ml350p-gen8
2026-07-01,ram,542160,"Memoria Ram Pc Westgatte, 16GB, 3200Mhz, DDR4",0.0,969.0,969.0,0,5,1,True,Outros,Hardware/Memória RAM/DDR 4,Sem Garantia,False,https://www.kabum.com.br/produto/542160/memoria-ram-pc-westgatte-16gb-3200mhz-ddr4
2026-07-01,ram,895027,Memória Notebook Crucial 16gb Ddr5 4800mhz Sodimm,0.0,1549.0,1549.0,0,0,0,True,Crucial,Hardware/Memória RAM/DDR 4/3200MHz,Sem Garantia,False,https://www.kabum.com.br/produto/895027/memoria-notebook-crucial-16gb-ddr5-4800mhz-sodimm
2026-07-01,ram,472420,"Memória Kingston Fury Beast RGB, 16GB, 5600MHz, DDR5, CL40, 1.25V - Kf556c40bba-16",0.0,2235.0,1966.8,12,5,3,True,Kingston,Hardware/Memória RAM/DDR 5,Sem Garantia,True,https://www.kabum.com.br/produto/472420/memoria-kingston-fury-beast-rgb-16gb-5600mhz-ddr5-cl40-1-25v-kf556c40bba-16
2026-07-01,ram,923335,Memoria Ram Para Notebook Kingston Fury Impact Ddr4 16gb 3200mhz - (kf432s20ib/16),0.0,1200.0,1200.0,0,0,0,True,Kingston,Hardware/Memória RAM/DDR 4/3200MHz,Sem Garantia,True,https://www.kabum.com.br/produto/923335/memoria-ram-para-notebook-kingston-fury-impact-ddr4-16gb-3200mhz-kf432s20ib-16-
2026-07-01,ram,532763,"Memória Gamer Dale7 No Limit, 8GB, 1866Mhz, DDR3, Desktop, Branco",0.0,199.89,199.89,0,0,0,True,Outros,Hardware/Memória RAM/DDR 3,Sem Garantia,False,https://www.kabum.com.br/produto/532763/memoria-gamer-dale7-no-limit-8gb-1866mhz-ddr3-desktop-branco
2026-07-01,ram,467726,"Memória Hyperx, 16GB, 2666Mhz, DDR4, Para Notebook",0.0,749.9,689.91,8,0,0,True,Hyperx,Hardware/Memória RAM/DDR 4/2666MHz,Sem Garantia,True,https://www.kabum.com.br/produto/467726/memoria-hyperx-16gb-2666mhz-ddr4-para-notebook
2026-07-01,ram,532549,"Memória Dale7, 8GB, 1333Mhz, DDR3L, Notebook, 1.35v",0.0,131.89,131.89,0,0,0,True,Outros,Hardware/Memória RAM/DDR 3,Sem Garantia,False,https://www.kabum.com.br/produto/532549/memoria-dale7-8gb-1333mhz-ddr3l-notebook-1-35v
2026-07-01,ram,940360,Memória Ram 8GB Gta Tech Ddr3 1600mhz Cl11 1.5v,0.0,141.06,119.9,15,0,0,True,GTA TECH,Hardware/Memória RAM/DDR 3/1600 Mhz PC12800,Sem Garantia,False,https://www.kabum.com.br/produto/940360/memoria-ram-8gb-gta-tech-ddr3-1600mhz-cl11-1-5v
2026-07-01,ram,154447,"Memória Rise Mode, 8GB, 2400MHz, DDR4, Para Notebook - RM-D4-8G-2400VN",0.0,508.38,508.38,0,0,0,True,Rise Mode,Hardware/Memória RAM/DDR 4,Sem Garantia,False,https://www.kabum.com.br/produto/154447/memoria-rise-mode-8gb-2400mhz-ddr4-para-notebook-rm-d4-8g-2400vn
2026-07-01,ram,398365,"Memória Bluecase, 4GB, 1600MHz, DDR3, CL11, 1.5V - BMGL3D16M15VM11 4G",0.0,175.99,175.99,0,0,0,True,Bluecase,Hardware/Memória RAM/DDR 3/1600 Mhz PC12800,Sem Garantia,False,https://www.kabum.com.br/produto/398365/memoria-bluecase-4gb-1600mhz-ddr3-cl11-1-5v-bmgl3d16m15vm11-4g
2026-07-01,ram,886364,Memória Ram 16gb Hp Proliant Bl460c Bl660c Dl360e Dl380e Gen8,0.0,452.0,452.0,0,0,0,True,Outros,Hardware/Memória RAM/DDR 3/1600 Mhz PC12800,Sem Garantia,True,https://www.kabum.com.br/produto/886364/memoria-ram-16gb-hp-proliant-bl460c-bl660c-dl360e-dl380e-gen8
2026-07-01,ram,995920,Memória Ddr4 8GB Duex 2666mhz (1x8GB) Dual Rank Dx8GB-2666m,0.0,494.0,419.9,15,0,0,True,Duex,Hardware/Memória RAM/DDR 4,Sem Garantia,False,https://www.kabum.com.br/produto/995920/memoria-ddr4-8gb-duex-2666mhz-1x8gb-dual-rank-dx8gb-2666m
2026-07-01,ram,908998,Memória Diamond Series 8GB 3200Mhz DDR4 - RM-D4-8G-3200D,0.0,709.9,638.91,10,5,2,True,Rise Mode,Hardware/Memória RAM/DDR 4,Sem Garantia,False,https://www.kabum.com.br/produto/908998/memoria-diamond-series-8gb-3200mhz-ddr4-rm-d4-8g-3200d
2026-07-01,ram,874642,Memoria Notebook Ddr5 32gb 5600mhz Adata Ad5s560032g-s,0.0,3374.99,3374.99,0,0,0,True,Adata,Hardware/Memória RAM/DDR 5,Sem Garantia,False,https://www.kabum.com.br/produto/874642/memoria-notebook-ddr5-32gb-5600mhz-adata-ad5s560032g-s
2026-07-01,ram,878670,Memória Ram 16gb Ddr4 Ecc Hp Proliant Dl360 E Dl380 Gen9,0.0,899.0,899.0,0,0,0,True,Outros,Hardware/Memória RAM/DDR 4/2666MHz,Sem Garantia,True,https://www.kabum.com.br/produto/878670/memoria-ram-16gb-ddr4-ecc-hp-proliant-dl360-e-dl380-gen9
2026-07-01,ram,952179,Memória Ram 8GB Ddr4 2133mhz Ecc Para Dell Poweredge T130 T330 R230 R330,0.0,759.0,759.0,0,0,0,True,Outros,Hardware/Memória RAM/DDR 4/2133MHz,Sem Garantia,True,https://www.kabum.com.br/produto/952179/memoria-ram-8gb-ddr4-2133mhz-ecc-para-dell-poweredge-t130-t330-r230-r330
2026-07-01,ram,533037,"Memória Dale7, 8GB, 2666Mhz, DDR4, Desktop, 1.2v",0.0,434.89,434.89,0,0,0,True,Outros,Hardware/Memória RAM/DDR 4,Sem Garantia,False,https://www.kabum.com.br/produto/533037/memoria-dale7-8gb-2666mhz-ddr4-desktop-1-2v
2026-07-01,ram,984739,"Memória Kingston, 8GB, 3200mhz, Ddr4, Cl22, Para Notebook - Kvr32s22s8/8",0.0,848.42,848.42,0,0,0,True,Kingston,Hardware/Memória RAM/DDR 4/3200MHz,Sem Garantia,False,https://www.kabum.com.br/produto/984739/memoria-kingston-8gb-3200mhz-ddr4-cl22-para-notebook-kvr32s22s8-8
2026-07-01,ram,468323,"Memória Corsair, 16GB, 4800mhz, Vengeance DDR5 - Cmsx16gx5m1a4800c40",0.0,2156.49,2156.49,0,0,0,True,Corsair,Hardware/Memória RAM/DDR 5/4800MHz,Sem Garantia,True,https://www.kabum.com.br/produto/468323/memoria-corsair-16gb-4800mhz-vengeance-ddr5-cmsx16gx5m1a4800c40
2026-07-01,ram,878683,Memória Ram 16gb Ddr4 Ecc Proliant Ml110- Ml150 - Ml350 Gen9,0.0,859.0,859.0,0,0,0,True,Outros,Hardware/Memória RAM/DDR 4/2133MHz,Sem Garantia,True,https://www.kabum.com.br/produto/878683/memoria-ram-16gb-ddr4-ecc-proliant-ml110-ml150-ml350-gen9
2026-07-01,ram,398857,Memória Notebook Corsair 16GB 3200mhz Vengeance Cmsx16gx4m1a3200c22,0.0,1165.0,1165.0,0,0,0,True,Corsair,Hardware/Memória RAM/DDR 4/3200MHz,Sem Garantia,False,https://www.kabum.com.br/produto/398857/memoria-notebook-corsair-16gb-3200mhz-vengeance-cmsx16gx4m1a3200c22
2026-07-01,ram,505845,"Módulo De Ram Asustor Servidor Storage, 4GB, DDR4 SODIMM, 260 Pinos - AS-4GD4 - 92M11-S4D40",0.0,886.9,851.42,4,0,0,True,Asustor,Hardware/Memória RAM/DDR 4,Sem Garantia,False,https://www.kabum.com.br/produto/505845/modulo-de-ram-asustor-servidor-storage-4gb-ddr4-sodimm-260-pinos-as-4gd4-92m11-s4d40
2026-07-01,ram,770632,"Memória 16gb Ddr5 5600mhz Lexar, Notebook - Ld5s16g56c46st-bgs",0.0,1894.84,1553.77,18,0,0,True,Lexar,Hardware/Memória RAM/DDR 5/5600MHz,Sem Garantia,True,https://www.kabum.com.br/produto/770632/memoria-16gb-ddr5-5600mhz-lexar-notebook-ld5s16g56c46st-bgs
2026-07-01,ram,878669,Memória Ram 8GB Ddr4 Ecc Hp Proliant Dl360 E Dl380 Gen9,0.0,799.0,799.0,0,0,0,True,Outros,Hardware/Memória RAM/DDR 4/2666MHz,Sem Garantia,True,https://www.kabum.com.br/produto/878669/memoria-ram-8gb-ddr4-ecc-hp-proliant-dl360-e-dl380-gen9
2026-07-01,ram,533035,"Memória Dale7, 8GB, 2666Mhz, DDR4, Notebook, 1.2v",0.0,373.89,373.89,0,0,0,True,Outros,Hardware/Memória RAM/DDR 4,Sem Garantia,False,https://www.kabum.com.br/produto/533035/memoria-dale7-8gb-2666mhz-ddr4-notebook-1-2v
2026-07-01,ram,324636,"Memória Ktrok UDIMM, 16GB, 3200MHz, DDR4, Para Desktop",0.0,789.91,789.91,0,0,0,True,Ktrok,Hardware/Memória RAM/DDR 4,Sem Garantia,True,https://www.kabum.com.br/produto/324636/memoria-ktrok-udimm-16gb-3200mhz-ddr4-para-desktop
2026-07-01,ram,886372,Memória Ram 16gb 3200aa-r 25600  Dell Precision Workstation,0.0,989.0,989.0,0,0,0,True,Outros,Hardware/Memória RAM/DDR 4/3200MHz,Sem Garantia,True,https://www.kabum.com.br/produto/886372/memoria-ram-16gb-3200aa-r-25600-dell-precision-workstation
2026-07-01,ram,938149,Memoria Gamer PCyes Udimm 32gb Ddr4 3200mhz White,0.0,2999.0,2999.0,0,0,0,True,PCYES,Hardware/Memória RAM/DDR 4/3200MHz,Sem Garantia,False,https://www.kabum.com.br/produto/938149/memoria-gamer-pcyes-udimm-32gb-ddr4-3200mhz-white
2026-07-01,ram,533061,"Memória Gamer Dale7 No Limits, 8GB, 2666Mhz, DDR4, Desktop, Azul",0.0,459.89,459.89,0,0,0,True,Outros,Hardware/Memória RAM/DDR 4,Sem Garantia,False,https://www.kabum.com.br/produto/533061/memoria-gamer-dale7-no-limits-8gb-2666mhz-ddr4-desktop-azul
2026-07-01,ram,533033,"Memória Dale7, 2GB, 667Mhz, DDR2, Desktop, 1.8v",0.0,58.89,58.89,0,0,0,True,Outros,Hardware/Memória RAM/DDR 2,Sem Garantia,False,https://www.kabum.com.br/produto/533033/memoria-dale7-2gb-667mhz-ddr2-desktop-1-8v
2026-07-01,ram,533030,"Memória Dale7, 2GB, 533Mhz, DDR2, Notebook, 1.8v",0.0,63.89,63.89,0,0,0,True,Outros,Hardware/Memória RAM/DDR 2,Sem Garantia,False,https://www.kabum.com.br/produto/533030/memoria-dale7-2gb-533mhz-ddr2-notebook-1-8v
2026-07-01,ram,462468,"Memória Kingston Fury Beast RGB, 8GB, 1x8GB, 5200mhz, DDR5",0.0,1215.0,1215.0,0,0,0,True,Kingston,Hardware/Memória RAM/DDR 5,Sem Garantia,False,https://www.kabum.com.br/produto/462468/memoria-kingston-fury-beast-rgb-8gb-1x8gb-5200mhz-ddr5
2026-07-01,ram,647796,Memoria  2gb Ddr3 1333 Cl9 1.5v Desktop Sp312nh08haf Sharetonic,0.0,37.8,32.89,13,0,0,True,Outros,Hardware/Memória RAM/DDR 3,Sem Garantia,False,https://www.kabum.com.br/produto/647796/memoria-2gb-ddr3-1333-cl9-1-5v-desktop-sp312nh08haf-sharetonic
2026-07-01,ram,886355,Memória Ram 16gb Ddr3 Dell Poweredge T410 T610 T320 T420 T620,0.0,452.0,452.0,0,0,0,True,Outros,Hardware/Memória RAM/DDR 3/1600 Mhz PC12800,Sem Garantia,True,https://www.kabum.com.br/produto/886355/memoria-ram-16gb-ddr3-dell-poweredge-t410-t610-t320-t420-t620
2026-07-01,ram,1033885,Memória Smart Ddr4 4gb 3200mhz Desktop,0.0,229.0,229.0,0,0,0,True,Smart,Hardware/Memória RAM/DDR 4/3200MHz,Sem Garantia,False,https://www.kabum.com.br/produto/1033885/memoria-smart-ddr4-4gb-3200mhz-desktop
2026-07-01,ram,368529,"Memória Patriot Viper Elite Red II, 8GB, 4000MHz, DDR4, CL20",0.0,587.55,481.79,18,5,1,True,Patriot,Hardware/Memória RAM/DDR 4/4000MHz,Sem Garantia,True,https://www.kabum.com.br/produto/368529/memoria-patriot-viper-elite-red-ii-8gb-4000mhz-ddr4-cl20
2026-07-01,ram,1015907,"Memória Ram Para Notebook Kingston Fury Impact, 8GB, 2666mhz, Ddr4",0.0,499.0,499.0,0,0,0,True,Kingston,Hardware/Memória RAM/DDR 4,Sem Garantia,False,https://www.kabum.com.br/produto/1015907/memoria-ram-para-notebook-kingston-fury-impact-8gb-2666mhz-ddr4
2026-07-01,ram,452736,"Memória RAM Kingston Fury Beast, 64GB (4X16GB), 6000MHz, DDR5, CL40,para Intel XMP, Preto - KF560C40BBK4-64",0.0,9294.0,7899.9,15,0,0,True,Kingston,Hardware/Memória RAM/DDR 5,10 anos de garantia (3 meses de garantia legal + 117 meses de garantia contratual junto ao fabricante),False,https://www.kabum.com.br/produto/452736/memoria-ram-kingston-fury-beast-64gb-4x16gb-6000mhz-ddr5-cl40-para-intel-xmp-preto-kf560c40bbk4-64
2026-07-01,ram,902380,Memoria 8GB Ddr4 3200mhz Duex Warp Heatsink Dxpc4-8GB3200,0.0,437.1,437.1,0,0,0,True,Duex,Hardware/Memória RAM/DDR 4,Sem Garantia,False,https://www.kabum.com.br/produto/902380/memoria-8gb-ddr4-3200mhz-duex-warp-heatsink-dxpc4-8gb3200
2026-07-01,ram,496127,"Memória RAM Kingston Fury Renegade, RGB, 16GB, DDR4, (2x8GB), 4200MHz, CL19, Preto - KF442C19RB2AK2/16",2364.59,2364.59,2009.9,15,5,4,True,Kingston,Hardware/Memória RAM/DDR 4/4200MHz,10 anos de garantia (3 meses de garantia legal + 117 meses de garantia contratual junto ao fabricante),False,https://www.kabum.com.br/produto/496127/memoria-ram-kingston-fury-renegade-rgb-16gb-ddr4-2x8gb-4200mhz-cl19-preto-kf442c19rb2ak2-16
2026-07-01,ram,117533,"Memória Oxy, 8GB, 1600MHz, DDR3",0.0,169.89,152.9,10,5,2,True,Oxy,Hardware/Memória RAM/DDR 3,Sem Garantia,False,https://www.kabum.com.br/produto/117533/memoria-oxy-8gb-1600mhz-ddr3
2026-07-01,ram,352642,"Memória Kingston Fury Impact SODIMM, 8GB, 2666MHz, DDR4, Para Notebook, Black - KF426S15IB/8",0.0,499.9,499.9,0,5,2,True,Kingston,Hardware/Memória RAM/DDR 4,Sem Garantia,False,https://www.kabum.com.br/produto/352642/memoria-kingston-fury-impact-sodimm-8gb-2666mhz-ddr4-para-notebook-black-kf426s15ib-8
2026-07-01,ram,579891,"Memória Para Notebook Keepdata, 8G, 2400Mhz, DDR4, PC2400, 1.2v - Kd24s17/8g",0.0,729.0,729.0,0,0,0,True,KEEPDATA,Hardware/Memória RAM/DDR 4,Sem Garantia,False,https://www.kabum.com.br/produto/579891/memoria-para-notebook-keepdata-8g-2400mhz-ddr4-pc2400-1-2v-kd24s17-8g
2026-07-01,ram,616594,"Memória RAM Kingston Fury Beast Expo, 64GB (2X32GB), 6400MT/s DDR5, DIMM, CL32, Branco - KF564C32BWEK2-64",0.0,11564.59,9829.9,15,0,0,True,Kingston,Hardware/Memória RAM/DDR 5,10 anos de garantia (3 meses de garantia legal + 117 meses de garantia contratual junto ao fabricante),False,https://www.kabum.com.br/produto/616594/memoria-ram-kingston-fury-beast-expo-64gb-2x32gb-6400mt-s-ddr5-dimm-cl32-branco-kf564c32bwek2-64
2026-07-01,ram,948364,Memória Ddr4 8GB 2400mhz Keepdata,0.0,6543.5,6543.5,0,0,0,True,KEEPDATA,Hardware/Memória RAM/DDR 4,Sem Garantia,False,https://www.kabum.com.br/produto/948364/memoria-ddr4-8gb-2400mhz-keepdata
2026-07-01,ram,461324,Memória Desktop Crucial 32gb Ddr4 3200mhz Udimm - Ct32g4dfd832a,0.0,1915.0,1915.0,0,0,0,True,Crucial,Hardware/Memória RAM/DDR 4/3200MHz,Sem Garantia,True,https://www.kabum.com.br/produto/461324/memoria-32gb-ddr4-3200-cl-22-1-2v-udimm-ct32g4dfd832a-crucial
2026-07-01,ram,461330,"Memória Desktop Lexar 8GB, DDR4, 3200Mhz - Ld4au008g-b3200gsst",0.0,811.15,746.26,8,0,0,True,Lexar,Hardware/Memória RAM/DDR 4/3200MHz,Sem Garantia,False,https://www.kabum.com.br/produto/461330/memoria-desktop-lexar-8gb-ddr4-3200mhz-ld4au008g-b3200gsst
2026-07-01,ram,496128,"Memória RAM Kingston Fury Renegade RGB, 16GB, DDR4, (2x8GB), 4600MHz, CL19, Preto - KF446C19RB2AK2/16",2686.96,2686.96,2283.92,15,5,1,True,Kingston,Hardware/Memória RAM/DDR 4,10 anos de garantia (3 meses de garantia legal + 117 meses de garantia contratual junto ao fabricante),False,https://www.kabum.com.br/produto/496128/memoria-ram-kingston-fury-renegade-rgb-16gb-ddr4-2x8gb-4600mhz-cl19-preto-kf446c19rb2ak2-16
2026-07-01,ram,886359,Memória Ram 16gb Ddr3 1600mhz 12800r Para Dell Poweredge,0.0,452.0,452.0,0,0,0,True,Outros,Hardware/Memória RAM/DDR 3/1600 Mhz PC12800,Sem Garantia,True,https://www.kabum.com.br/produto/886359/memoria-ram-16gb-ddr3-1600mhz-12800r-para-dell-poweredge
2026-07-01,ram,731034,Memoria Kingston Fury Beast RGB 16gb Ddr5 6000mt/s 1.35v Black Desktop - Kf560c36bbe2a-16.,0.0,2240.0,2240.0,0,0,0,True,Kingston,Hardware/Memória RAM/DDR 5,Sem Garantia,False,https://www.kabum.com.br/produto/731034/memoria-kingston-fury-beast-rgb-16gb-ddr5-6000mt-s-1-35v-black-desktop-kf560c36bbe2a-16-
2026-07-01,ram,883379,Memória Ram 16gb Ddr4 Ecc Para Servidores Dell Hpe E Lenovo,0.0,990.0,990.0,0,0,0,True,Outros,Hardware/Memória RAM/DDR 4,Sem Garantia,True,https://www.kabum.com.br/produto/883379/memoria-ram-16gb-ddr4-ecc-para-servidores-dell-hpe-e-lenovo
2026-07-01,ram,323730,"Memória ADATA, 32GB, 3200MHz, DDR4, CL22, Para Desktop - AD4U320032G22 SNG",0.0,2914.63,2768.9,5,0,0,True,Adata,Hardware/Memória RAM/DDR 4,Sem Garantia,False,https://www.kabum.com.br/produto/323730/memoria-adata-32gb-3200mhz-ddr4-cl22-para-desktop-ad4u320032g22-sng
2026-07-01,ram,467734,"Memória Ram Crucial, 16GB, 2133Mhz, DDR4, Para Notebook",0.0,899.9,899.9,0,0,0,True,Crucial,Hardware/Memória RAM/DDR 4/2133MHz,Sem Garantia,False,https://www.kabum.com.br/produto/467734/memoria-ram-crucial-16gb-2133mhz-ddr4-para-notebook
2026-07-01,ram,685854,"Memória Kingston Fury Impact, 32gb, Ddr5, 5600mhz, 1.1v, Cl40, Notebook - Black - Kf556s40ib-32",0.0,3395.0,3395.0,0,0,0,True,Kingston,Hardware/Memória RAM/DDR 5,Sem Garantia,False,https://www.kabum.com.br/produto/685854/memoria-kingston-fury-impact-32gb-ddr5-5600mhz-1-1v-cl40-notebook-black-kf556s40ib-32
2026-07-01,ram,739157,Memoria 8GB Ddr4 3200mhz Redragon Rage Branco Gm-711,0.0,988.37,810.46,18,0,0,True,Redragon,Hardware/Memória RAM/DDR 4,Sem Garantia,True,https://www.kabum.com.br/produto/739157/memoria-8gb-ddr4-3200mhz-redragon-rage-branco-gm-711
2026-07-01,ram,952224,Memória Ram 8GB Ddr4 - Ecc Udimm 2400mhz - Para Dell Hp Ibm,0.0,1259.0,1259.0,0,0,0,True,Outros,Hardware/Memória RAM/DDR 4/2400MHz,Sem Garantia,True,https://www.kabum.com.br/produto/952224/memoria-ram-8gb-ddr4-ecc-udimm-2400mhz-para-dell-hp-ibm
2026-07-01,ram,495642,"Memória Upgamer Up3200, 16GB, 3200MHz, DDR4 - Pc3200",0.0,979.0,979.0,0,0,0,True,Up Gamer,Hardware/Memória RAM/DDR 4,Sem Garantia,False,https://www.kabum.com.br/produto/495642/memoria-upgamer-up3200-16gb-3200mhz-ddr4-pc3200
2026-07-01,ram,174081,"Memória Kingston, 8GB, 2400MHz, DDR4, CL17 - KVR24S17S8/8",0.0,773.75,657.69,15,5,4,True,Kingston,Hardware/Memória RAM/DDR 4/2400MHz,Sem Garantia,False,https://www.kabum.com.br/produto/174081/memoria-kingston-8gb-2400mhz-ddr4-cl17-kvr24s17s8-8
2026-07-01,ram,688214,Memória Gamer Adata Xpg Lancer Blade 16gb Ddr5 6000mhz RGB - Ax5u6000c4816g-slabrbk,0.0,2080.49,2080.49,0,0,0,True,Adata,Hardware/Memória RAM/DDR 5,Sem Garantia,True,https://www.kabum.com.br/produto/688214/memoria-ram-xpg-lancer-blade-rgb-16gb-6000mts-ddr5-cl48-preto
2026-07-01,ram,564716,"Memória RAM Rise Mode Z, 8GB, 3200MHz, DDR4, CL19, Preto - RM-D4-8G-3200Z",0.0,588.12,499.9,15,0,0,True,Rise Mode,Hardware/Memória RAM/DDR 4,Sem Garantia,False,https://www.kabum.com.br/produto/564716/memoria-z-series-8gb-3200-cl-19-preto-rm-d4-8g-3200z-heatsink-black
2026-07-01,ram,908999,"Memória RAM Gamer Rise Mode Venon, ARGB, 16GB, 3200Mhz, DDR4, CL19, Preto - RM-D4-16G-3200-RGB",0.0,1270.9,1143.81,10,0,0,True,Rise Mode,Hardware/Memória RAM/DDR 4,Sem Garantia,False,https://www.kabum.com.br/produto/908999/memoria-rise-mode-venon-16gb-3200mhz-ddr4-rgb-rm-d4-16g-3200-rgb
2026-07-01,ram,886383,Memória Ram 16gb Dell Poweredge R440 R540 R640 R840 R740 R940,0.0,989.0,989.0,0,0,0,True,Outros,Hardware/Memória RAM/DDR 3,Sem Garantia,True,https://www.kabum.com.br/produto/886383/memoria-ram-16gb-dell-poweredge-r440-r540-r640-r840-r740-r940
2026-07-01,ram,886356,Memória Ram 16gb Ddr3 1600mhz 12800r Para Dell Precision,0.0,452.0,452.0,0,0,0,True,Outros,Hardware/Memória RAM/DDR 3/1600 Mhz PC12800,Sem Garantia,True,https://www.kabum.com.br/produto/886356/memoria-ram-16gb-ddr3-1600mhz-12800r-para-dell-precision
2026-07-01,ram,646263,"Memória Ram Klevv Cras V, 64GB (2x 32GB), 6400MHz, DDR5, RGB - CL32",0.0,8910.0,8910.0,0,0,0,True,Klevv,Hardware/Memória RAM/DDR 5,Sem Garantia,False,https://www.kabum.com.br/produto/646263/memoria-ram-klevv-cras-v-64gb-2x-32gb-6400mhz-ddr5-rgb-cl32
2026-07-01,ram,532561,"Memória Dale7, 8GB, 1333Mhz, DDR3, Notebook, 1.5v",0.0,131.89,131.89,0,0,0,True,Outros,Hardware/Memória RAM/DDR 3,Sem Garantia,False,https://www.kabum.com.br/produto/532561/memoria-dale7-8gb-1333mhz-ddr3-notebook-1-5v
2026-07-01,ram,764900,"Memória Ram 32gb Para  hp Workstation Z4, Z6 E Z8 Gen4 - Ddr4 ecc",0.0,1399.0,1399.0,0,0,0,True,Outros,Hardware/Memória RAM/DDR 4,Sem Garantia,True,https://www.kabum.com.br/produto/764900/memoria-ram-32gb-para-hp-workstation-z4-z6-e-z8-gen4-ddr4-ecc
2026-07-01,ram,458950,"Memoria Desktop DDR4, 16GB, 3200mhz 1.2v Crucial - CT16G4DFRA32A",0.0,1608.77,1528.33,5,0,0,True,Crucial,Hardware/Memória RAM/DDR 4,Sem Garantia,False,https://www.kabum.com.br/produto/458950/memoria-desktop-ddr4-16gb-3200mhz-1-2v-crucial-ct16g4dfra32a
2026-07-01,ram,1027841,Memoria Ram 16gb Ddr4 2666mhz Cl19 1.2v 288pin XLinne,0.0,699.85,699.85,0,0,0,True,Xlinne,Hardware/Memória RAM/DDR 3/1600 Mhz PC12800,Sem Garantia,False,https://www.kabum.com.br/produto/1027841/memoria-pc-ddr4-16gb-2666mhz-21300-cl19-1-2v-288pin-box-xlinne-pn-xlm2ypcd416gb2666
2026-07-01,ram,117541,"Memória  RAM Oxy, 8GB, 1333MHz, DDR3, CL9 - OXY1333D3N9/8G",0.0,395.99,395.99,0,5,6,True,Oxy,Hardware/Memória RAM/DDR 3,Sem Garantia,False,https://www.kabum.com.br/produto/117541/memoria-ram-oxy-8gb-1333mhz-ddr3-cl9-oxy1333d3n9-8g
2026-07-01,ram,1039079,Mem?ria 8GB Ddr3 1600mhz Gbt Value  Gbt1600d3/8,0.0,120.9,120.9,0,0,0,True,GBT,Hardware/Memória RAM/DDR 3/1600 Mhz PC12800,Sem Garantia,False,https://www.kabum.com.br/produto/1039079/mem-ria-chronus-8gb-ddr3-1600mhz-cl11-chrp1a8g1600
2026-07-01,ram,506538,"Memória Corsair, 16GB, 2666MHZ, DDR4, Vengeance - CMSX16GX4M1A2666C18",0.0,1185.0,1185.0,0,0,0,True,Corsair,Hardware/Memória RAM/DDR 4,Sem Garantia,False,https://www.kabum.com.br/produto/506538/memoria-corsair-16gb-2666mhz-ddr4-vengeance-cmsx16gx4m1a2666c18
2026-07-01,ram,464075,"Memória Para Servidor Kingston, 16GB, DDR4, 2666mhz Ecc - KSM26ED8/16HD.",0.0,1415.0,1415.0,0,0,0,True,Kingston,Hardware/Memória RAM/DDR 4,Sem Garantia,False,https://www.kabum.com.br/produto/464075/memoria-para-servidor-kingston-16gb-ddr4-2666mhz-ecc-ksm26ed8-16hd-
2026-07-01,ram,123172,"Memória Oxy Gamer, 8GB, 3200MHz, DDR4",0.0,1171.0,1053.9,10,0,0,True,Oxy,Hardware/Memória RAM/DDR 4,10 anos de garantia (3 meses de garantia legal + 117 meses de garantia contratual junto ao fabricante),False,https://www.kabum.com.br/produto/123172/memoria-oxy-gamer-8gb-3200mhz-ddr4
2026-07-01,ram,992428,Memória Para PC Samsung 8GB 2666mhz Ddr4 (sem Embalagem) - M378a1k43cb2-ctd - 7147,0.0,545.0,545.0,0,0,0,True,Samsung,Hardware/Memória RAM/DDR 4/2666MHz,Sem Garantia,False,https://www.kabum.com.br/produto/992428/memoria-para-pc-samsung-8gb-2666mhz-ddr4-sem-embalagem-m378a1k43cb2-ctd-7147
2026-07-01,ram,404355,"Memória Kingston, 8GB, 2666MHz, DDR4, 1.2V, Para Notebook - KCP426SS6/8",0.0,744.3,744.3,0,0,0,True,Kingston,Hardware/Memória RAM/DDR 4,Sem Garantia,False,https://www.kabum.com.br/produto/404355/memoria-kingston-8gb-2666mhz-ddr4-1-2v-para-notebook-kcp426ss6-8
2026-07-01,ram,886390,Memória Ram 16gb Ddr4 PC4 3200aa-r 25600 Dell Poweredge,0.0,989.0,989.0,0,0,0,True,Outros,Hardware/Memória RAM/DDR 4/3200MHz,Sem Garantia,True,https://www.kabum.com.br/produto/886390/memoria-ram-16gb-ddr4-pc4-3200aa-r-25600-dell-poweredge
2026-07-01,ram,676698,Memória Ram Notebook Oxybr Ddr5 16gb 5600mhz,0.0,1257.67,1131.9,10,0,0,True,OxyBr,Hardware/Memória RAM/DDR 5/5600MHz,Sem Garantia,False,https://www.kabum.com.br/produto/676698/memoria-ram-notebook-oxybr-ddr5-16gb-5600mhz
2026-07-01,ram,908454,Memória Kingston Notebook 16gb 2400mhz Ddr4 Kvr24s17d8/16,0.0,1502.43,1502.43,0,0,0,True,Kingston,Hardware/Memória RAM/DDR 4,Sem Garantia,False,https://www.kabum.com.br/produto/908454/memoria-kingston-notebook-16gb-2400mhz-ddr4-kvr24s17d8-16
2026-07-01,ram,454253,"Memoria Win Memory Rdimm Para Servidor, 16GB, 3200MHz, DDR4 - Whs18r6evd25",0.0,595.0,595.0,0,0,0,True,Win Memory,Hardware/Memória RAM/DDR 4/3200MHz,Sem Garantia,False,https://www.kabum.com.br/produto/454253/memoria-win-memory-rdimm-para-servidor-16gb-3200mhz-ddr4-whs18r6evd25
2026-07-01,ram,209977,Memoria Brazilpc 8GB Ddr3 1333mhz Oem Para Desktop,0.0,128.78,115.9,10,0,0,True,Brazil PC,Hardware/Memória RAM/DDR 4,Sem Garantia,False,https://www.kabum.com.br/produto/209977/memoria-brazil-pc-sodimm-8gb-3200mhz-ddr4-para-notebook
2026-07-01,ram,909077,"Memória Kingston Ddr3, 4GB 1600 Mhz, Desktop 1.35v",0.0,160.0,160.0,0,0,0,True,Kingston,Hardware/Memória RAM/DDR 3,Sem Garantia,False,https://www.kabum.com.br/produto/909077/memoria-kingston-ddr3-4gb-1600-mhz-desktop-1-35v
2026-07-01,ram,943236,Memória Ram Ddr4 Ceamere 8GB 3200mhz Para PC,0.0,780.0,780.0,0,0,0,True,Ceamere,Hardware/Memória RAM/DDR 4/3200MHz,Sem Garantia,False,https://www.kabum.com.br/produto/943236/memoria-ram-ddr4-ceamere-8gb-3200mhz-para-pc
2026-07-01,ram,479373,Memória SODIMM 4GB DDR4 Compatível com Notebook Dell - OEM,0.0,360.99,324.89,10,0,0,True,Outros,Hardware/Memória RAM/DDR 4,Sem Garantia,False,https://www.kabum.com.br/produto/479373/memoria-sodimm-4gb-ddr4-compativel-com-notebook-dell-oem
2026-07-01,ram,706371,"Memória 16gb Ddr4 3200mhz Corsair Vengeance Lpx, Black - Cmk16gx4m1e3200c16.",0.0,1615.0,1615.0,0,0,0,True,Corsair,Hardware/Memória RAM/DDR 4/3200MHz,Sem Garantia,False,https://www.kabum.com.br/produto/706371/memoria-16gb-ddr4-3200mhz-corsair-vengeance-lpx-black-cmk16gx4m1e3200c16-
2026-07-01,ram,1039293,"Memória Para Notebook Kingston Kvr 8GB Ddr5 5600mhz, Kvr56s46bs6-8",0.0,1198.0,1198.0,0,0,0,True,Kingston,Hardware/Memória RAM/DDR 5/5600MHz,Sem Garantia,False,https://www.kabum.com.br/produto/1039293/memoria-para-notebook-kingston-kvr-8gb-ddr5-5600mhz-kvr56s46bs6-8
2026-07-01,ram,1033882,Memória Ram Corsair Dominator Platinum 16gb (2x8GB) 3000mhz Ddr4,0.0,1449.0,1449.0,0,0,0,True,Corsair,Hardware/Memória RAM/DDR 4/3000MHz,Sem Garantia,False,https://www.kabum.com.br/produto/1033882/memoria-ram-corsair-dominator-platinum-16gb-2x8gb-3000mhz-ddr4
2026-07-01,ram,468292,Memória Crucial Notebook Ddr3l 4gb 1600 Mhz - 1.35v,0.0,99.0,99.0,0,0,0,True,Crucial,Hardware/Memória RAM/DDR 3/1600 Mhz PC12800,Sem Garantia,False,https://www.kabum.com.br/produto/468292/memoria-crucial-notebook-ddr3l-4gb-1600-mhz-1-35v
2026-07-01,ram,696543,Kit Memória 4gb Ddr3 1600mhz + SSD 120GB,0.0,299.9,284.9,5,0,0,True,GOLDEN MEMORY,Hardware/Memória RAM/DDR 3,Sem Garantia,False,https://www.kabum.com.br/produto/696543/kit-memoria-4gb-ddr3-1600mhz-ssd-120gb
2026-07-01,ram,670313,"Memória Golden Memory, 4gb, 1600mhz, Ddr3, Cl11 – Gm16n11/4.",0.0,166.56,149.9,10,0,0,True,GOLDEN MEMORY,Hardware/Memória RAM/DDR 3/1600 Mhz PC12800,Sem Garantia,False,https://www.kabum.com.br/produto/670313/memoria-golden-memory-4gb-1600mhz-ddr3-cl11-gm16n11-4
2026-07-01,ram,533103,"Memória Dale7, 2GB, 1600Mhz, DDR3, Notebook, 1.5v",0.0,58.89,58.89,0,0,0,True,Outros,Hardware/Memória RAM/DDR 3,Sem Garantia,False,https://www.kabum.com.br/produto/533103/memoria-dale7-2gb-1600mhz-ddr3-notebook-1-5v
2026-07-01,ram,532579,"Memória Dale7, 1GB, 800Mhz, DDR2, Notebook, 1.8v",0.0,58.89,58.89,0,0,0,True,Outros,Hardware/Memória RAM/DDR 2,Sem Garantia,False,https://www.kabum.com.br/produto/532579/memoria-dale7-1gb-800mhz-ddr2-notebook-1-8v
2026-07-01,ram,533051,"Memória Dale7, 1GB, 533Mhz, DDR2, Notebook, 1.8v",0.0,63.89,63.89,0,0,0,True,Outros,Hardware/Memória RAM/DDR 2,Sem Garantia,False,https://www.kabum.com.br/produto/533051/memoria-dale7-1gb-533mhz-ddr2-notebook-1-8v
2026-07-01,ram,909007,Memória Rise Mode Value 8GB 3200Mhz DDR4 - RM-D4-8G-3200VN,0.0,585.05,585.05,0,0,0,True,Rise Mode,Hardware/Memória RAM/DDR 4,Sem Garantia,False,https://www.kabum.com.br/produto/909007/memoria-rise-mode-value-8gb-3200mhz-ddr4-rm-d4-8g-3200vn
2026-07-01,ram,627844,Memória Ram Kingspec 8GB Ddr3 1600mhz - Notebook,0.0,357.0,357.0,0,0,0,True,KING,Hardware/Memória RAM/DDR 3/1600 Mhz PC12800,Sem Garantia,False,https://www.kabum.com.br/produto/627844/memoria-ram-kingspec-8gb-ddr3-1600mhz-notebook
2026-07-01,ram,589164,Memória Ram Kingspec 4gb Ddr3 1600mhz,0.0,218.0,218.0,0,0,0,True,KING,Hardware/Memória RAM/DDR 4/1600MHz,Sem Garantia,False,https://www.kabum.com.br/produto/589164/memoria-ram-kingspec-4gb-ddr3-1600mhz
2026-07-01,ram,579893,"Memória Ram Keepdata, 16GB, 2666Mhz, DDR4, PC2666, 1.2V - KD26N19/16G",0.0,1299.0,1299.0,0,0,0,True,KEEPDATA,Hardware/Memória RAM/DDR 4/2666MHz,Sem Garantia,False,https://www.kabum.com.br/produto/579893/memoria-ram-keepdata-16gb-2666mhz-ddr4-pc2666-1-2v-kd26n19-16g
2026-07-01,ram,948341,Memoria Ddr3 8GB 1600mhz Keepdata Kd16n11/8g,0.0,196.27,196.27,0,0,0,True,Generico,Hardware/Memória RAM/DDR 3,Sem Garantia,False,https://www.kabum.com.br/produto/948341/memoria-ddr3-8gb-1600mhz-keepdata-kd16n11-8g
2026-07-01,ram,656186,Memória Ram Kingston 4gb - Kth-mlg4sr/4g,0.0,579.0,579.0,0,0,0,True,Kingston,Hardware/Memória RAM/DDR 3,Sem Garantia,False,https://www.kabum.com.br/produto/656186/memoria-ram-kingston-4gb-kth-mlg4sr-4g
2026-07-01,ram,657228,Memória Ram Kingston 4gb - Kth-xw667lp/4g,0.0,799.0,799.0,0,0,0,True,Kingston,Hardware/Memória RAM/DDR 2,Sem Garantia,False,https://www.kabum.com.br/produto/657228/memoria-ram-kingston-4gb-kth-xw667lp-4g
2026-07-01,ram,658852,Memória Ibm 2gb Ddr3 Ecc 1333mhz Rdimm - Modelo 49y1433,0.0,199.0,199.0,0,0,0,True,Ibm,Hardware/Memória RAM/DDR 3,Sem Garantia,False,https://www.kabum.com.br/produto/658852/memoria-ibm-2gb-ddr3-ecc-1333mhz-rdimm-modelo-49y1433
2026-07-01,ram,1034779,"Memória Para Notebook 32gb Lexar, Ddr4, 3200mhz -  Ld4as032g-b3200gsst",0.0,2769.23,2630.77,5,0,0,True,Lexar,Hardware/Memória RAM/DDR 4/3200MHz,Sem Garantia,False,https://www.kabum.com.br/produto/1034779/memoria-para-notebook-32gb-lexar-ddr4-3200mhz-ld4as032g-b3200gsst
2026-07-01,ram,472396,"Memoria Keepdata, 32GB, 3200MHz, DDR4, Para Desktop - Kd32n22/32g",0.0,2153.83,2046.14,5,0,0,True,KEEPDATA,Hardware/Memória RAM/DDR 4/3200MHz,Sem Garantia,False,https://www.kabum.com.br/produto/472396/memoria-keepdata-32gb-3200mhz-ddr4-para-desktop-kd32n22-32g
2026-07-01,ram,690611,Memoria Adata 32gb Ddr5 Cl40 4800mhz Para Notebook,0.0,3846.15,3653.84,5,0,0,True,Adata,Hardware/Memória RAM/DDR 5/4800MHz,Sem Garantia,False,https://www.kabum.com.br/produto/690611/memoria-adata-32gb-ddr5-cl40-4800mhz-para-notebook
2026-07-01,ram,1034780,"Memória Para Notebook Adata, 32gb, Ddr4, 3200mhz - Ad4s320032g22-sgn",0.0,3206.05,3045.75,5,0,0,True,Adata,Hardware/Memória RAM/DDR 4/3200MHz,Sem Garantia,False,https://www.kabum.com.br/produto/1034780/memoria-para-notebook-adata-32gb-ddr4-3200mhz-ad4s320032g22-sgn
2026-07-01,ram,1048056,"Memória Lexar, 16gb Ddr5, 5600mhz, Cl46, Ld5u16g56c46st-bgs",0.0,2836.58,2836.58,0,0,0,True,Outros,Hardware/Memória RAM/DDR 5/5600MHz,Sem Garantia,False,https://www.kabum.com.br/produto/1048056/memoria-lexar-16gb-ddr5-5600mhz-cl46-ld5u16g56c46st-bgs
2026-07-01,ram,381154,"Memória Kingston Fury Beast, 32GB 2x16GB, 5200MHz, DDR5",0.0,4185.0,4185.0,0,0,0,True,Hyperx,Hardware/Memória RAM/DDR 5,Sem Garantia,False,https://www.kabum.com.br/produto/381154/memoria-kingston-fury-beast-32gb-2x16gb-5200mhz-ddr5
2026-07-01,ram,677687,Memoria Gamer PCyes Udimm 32gb Ddr4 3200mhz Black,0.0,2999.0,2999.0,0,0,0,True,PCYES,Hardware/Memória RAM/DDR 4,Sem Garantia,False,https://www.kabum.com.br/produto/677687/memoria-gamer-pcyes-udimm-32gb-ddr4-3200mhz-black
2026-07-01,ram,1034781,"Memória Adata, 32gb, Ddr5, 5600mhz - Ad5u560032g-s",0.0,3846.15,3653.84,5,0,0,True,Adata,Hardware/Memória RAM/DDR 5/5600MHz,Sem Garantia,False,https://www.kabum.com.br/produto/1034781/memoria-adata-32gb-ddr5-5600mhz-ad5u560032g-s
2026-07-01,ram,1029674,Kit 10 Memoria 8GB Ddr3 1600mhz Brazil PC Bpc1600d3cl11/8g,0.0,2249.0,1844.18,18,0,0,True,Brazil PC,Hardware/Memória RAM/DDR 3/1600 Mhz PC12800,Sem Garantia,True,https://www.kabum.com.br/produto/1029674/kit-10-memoria-8gb-ddr3-1600mhz-brazil-pc-bpc1600d3cl11-8g
2026-07-01,ram,1029675,Kit 30 Memoria 8GB Ddr3 1600mhz Brazil PC Bpc1600d3cl11/8g,0.0,6747.0,5532.54,18,0,0,True,Brazil PC,Hardware/Memória RAM/DDR 3/1600 Mhz PC12800,Sem Garantia,True,https://www.kabum.com.br/produto/1029675/kit-30-memoria-8gb-ddr3-1600mhz-brazil-pc-bpc1600d3cl11-8g
2026-07-01,ram,1008348,Memoria 8GB Ddr4 3200mhz Hiksemi Future RGB Branco Hsc408u32f4 8g,0.0,823.37,675.16,18,0,0,True,Hiksemi,Hardware/Memória RAM/DDR 4/3200MHz,Sem Garantia,True,https://www.kabum.com.br/produto/1008348/memoria-8gb-ddr4-3200mhz-hiksemi-future-rgb-branco-hsc408u32f4-8g
2026-07-01,ram,720011,Memoria 8GB Ddr3 1600mhz Whalekom Notebook,0.0,174.0,174.0,0,0,0,True,Outros,Hardware/Memória RAM,Sem Garantia,False,https://www.kabum.com.br/produto/720011/memoria-8gb-ddr3-1600mhz-whalekom-notebook
2026-07-01,ram,998040,Memoria 16gb Ddr4 3200mhz Mra4s320nnnf16g Sodimm Mushkin Notebook,0.0,806.4,806.4,0,0,0,True,MUSHKIN,Hardware/Memória RAM/DDR 4,Sem Garantia,False,https://www.kabum.com.br/produto/998040/memoria-16gb-ddr4-3200mhz-mra4s320nnnf16g-sodimm-mushkin-notebook
2026-07-01,ram,1015175,Memória Ddr4 16gb 2666mhz Macrovip,0.0,931.4,931.4,0,0,0,True,MACROVIP,Hardware/Memória RAM/DDR 4/2666MHz,Sem Garantia,False,https://www.kabum.com.br/produto/1015175/memoria-ddr4-16gb-2666mhz-macrovip
2026-07-01,ram,582076,"Memória 32gb (2x16gb) Crucial, Ddr4, 3200mhz, Cl22 - Cp2k16g4dfra32a",0.0,2499.0,2499.0,0,0,0,True,Crucial,Hardware/Memória RAM/DDR 4,Sem Garantia,True,https://www.kabum.com.br/produto/582076/memoria-32gb-2x16gb-crucial-ddr4-3200mhz-cl22-cp2k16g4dfra32a
2026-07-01,ram,658463,Memória Ram Para PC Ddr5 5600mhz Cl40 32gb (1x32gb) Kingston Fury Beast Kf556c40bba-32 Cor Preto Gamer RGB,0.0,3590.0,3590.0,0,0,0,True,Kingston,Hardware/Memória RAM/DDR 5,Sem Garantia,False,https://www.kabum.com.br/produto/658463/memoria-kingston-fury-beast-rgb-32gb-ddr5-5600mhz-cl40-kf556c40bba-32
2026-07-01,ram,1052720,Memória Ram Adata Ddr4 4gb 2666mhz Para PC,0.0,299.0,299.0,0,0,0,True,Adata,Hardware/Memória RAM/DDR 4/3200MHz,Sem Garantia,False,https://www.kabum.com.br/produto/1052720/memoria-ram-adata-ddr4-4gb-2666mhz-para-pc
2026-07-01,ram,1053034,Memória Gamer Redragon Magma RGB 8GB Ddr4 3200mhz,0.0,749.99,749.99,0,0,0,True,Redragon,Hardware/Memória RAM/DDR 4/3200MHz,Sem Garantia,True,https://www.kabum.com.br/produto/1053034/memoria-gamer-redragon-magma-rgb-8gb-ddr4-3200mhz
2026-07-01,ram,883375,Memória Ram 8GB Ddr4 Proliant Dl120 - Dl160 - Dl180 - Gen9,0.0,739.0,739.0,0,0,0,True,Outros,Hardware/Memória RAM/DDR 4,Sem Garantia,True,https://www.kabum.com.br/produto/883375/memoria-ram-8gb-ddr4-proliant-dl120-dl160-dl180-gen9
2026-07-01,ram,886341,Memória Ram 8GB Ddr3 1333mhz 10600r Para System X,0.0,315.0,315.0,0,0,0,True,Outros,Hardware/Memória RAM/DDR 3/1333 Mhz PC10666,Sem Garantia,True,https://www.kabum.com.br/produto/886341/memoria-ram-8gb-ddr3-1333mhz-10600r-para-system-x
2026-07-01,ram,886340,Memória Ram 8GB Ddr3 Dell Poweredge R410 R510 R610 R710,0.0,315.0,315.0,0,0,0,True,Outros,Hardware/Memória RAM/DDR 3/1333 Mhz PC10666,Sem Garantia,True,https://www.kabum.com.br/produto/886340/memoria-ram-8gb-ddr3-dell-poweredge-r410-r510-r610-r710
2026-07-01,ram,886338,Memória Ram 8GB Ddr3 1333mhz 10600r Para Dell Poweredge,0.0,315.0,315.0,0,0,0,True,Outros,Hardware/Memória RAM/DDR 3/1333 Mhz PC10666,Sem Garantia,True,https://www.kabum.com.br/produto/886338/memoria-ram-8gb-ddr3-1333mhz-10600r-para-dell-poweredge
2026-07-01,ram,883389,Memória Ram 8GB Para Hp Ml350p Gen8,0.0,315.0,252.0,20,0,0,True,Outros,Hardware/Memória RAM/DDR 3/1866 Mhz PC15000,Sem Garantia,True,https://www.kabum.com.br/produto/883389/memoria-ram-8gb-para-hp-ml350p-gen8
2026-07-01,ram,883387,Memória Ram 16gb Para Dell Precision,0.0,499.0,399.2,20,0,0,True,Outros,Hardware/Memória RAM/DDR 3/1866 Mhz PC15000,Sem Garantia,True,https://www.kabum.com.br/produto/883387/memoria-ram-16gb-para-dell-precision
2026-07-01,ram,886348,Memória Ram 8GB Ddr3 Dell Poweredge R320 R420 R520 R620 R720,0.0,315.0,315.0,0,0,0,True,Outros,Hardware/Memória RAM/DDR 3/1333 Mhz PC10666,Sem Garantia,True,https://www.kabum.com.br/produto/886348/memoria-ram-8gb-ddr3-dell-poweredge-r320-r420-r520-r620-r720
2026-07-01,ram,883363,Memória Ram 16gb Dell Poweredge R410 R510 R610 R710 R810 910,0.0,499.0,399.2,20,0,0,True,Outros,Hardware/Memória RAM/DDR 3,Sem Garantia,True,https://www.kabum.com.br/produto/883363/memoria-ram-16gb-dell-poweredge-r410-r510-r610-r710-r810-910
2026-07-01,ram,883377,Memória Ram 16gb Ddr4 Ecc Proliant Ml110- Ml150 - Ml350 Gen9,0.0,990.0,990.0,0,0,0,True,Outros,Hardware/Memória RAM/DDR 4,Sem Garantia,True,https://www.kabum.com.br/produto/883377/memoria-ram-16gb-ddr4-ecc-proliant-ml110-ml150-ml350-gen9
2026-07-01,ram,886385,Memória Ram 16gb Ddr4 3200aa-r 25600 Registrada Hpe Cloudline,0.0,989.0,989.0,0,0,0,True,Outros,Hardware/Memória RAM/DDR 4/3200MHz,Sem Garantia,True,https://www.kabum.com.br/produto/886385/memoria-ram-16gb-ddr4-3200aa-r-25600-registrada-hpe-cloudline
2026-07-01,ram,883362,Memória Ram 8GB Para Hp  Dl160 Gen8,0.0,315.0,252.0,20,0,0,True,Outros,Hardware/Memória RAM/DDR 3,Sem Garantia,True,https://www.kabum.com.br/produto/883362/memoria-ram-8gb-para-hp-dl160-gen8
2026-07-01,ram,883385,Memória Ram 8GB Para Dell Precision,0.0,315.0,252.0,20,0,0,True,Outros,Hardware/Memória RAM/DDR 3/1866 Mhz PC15000,Sem Garantia,True,https://www.kabum.com.br/produto/883385/memoria-ram-8gb-para-dell-precision
2026-07-01,ram,883383,Memória Ram 8GB Ddr4 Ecc Para Servidores Dell Hpe E Lenovo,0.0,739.0,739.0,0,0,0,True,Outros,Hardware/Memória RAM/DDR 4,Sem Garantia,True,https://www.kabum.com.br/produto/883383/memoria-ram-8gb-ddr4-ecc-para-servidores-dell-hpe-e-lenovo
2026-07-01,ram,883374,Memória Ram 8GB Ddr4 Ecc Dell Precision T5810 T7810 T7910,0.0,739.0,739.0,0,0,0,True,Outros,Hardware/Memória RAM/DDR 4,Sem Garantia,True,https://www.kabum.com.br/produto/883374/memoria-ram-8gb-ddr4-ecc-dell-precision-t5810-t7810-t7910
2026-07-01,ram,885792,Memória Ram 8GB Para Dell Poweredge R310,0.0,349.0,279.2,20,0,0,True,Outros,Hardware/Memória RAM/DDR 3/1066 Mhz PC8500,Sem Garantia,True,https://www.kabum.com.br/produto/885792/memoria-ram-8gb-para-dell-poweredge-r310
2026-07-01,ram,885797,Memória Ram 8GB Para Mac Pro 2013,0.0,315.0,252.0,20,0,0,True,Outros,Hardware/Memória RAM/DDR 3/1866 Mhz PC15000,Sem Garantia,True,https://www.kabum.com.br/produto/885797/memoria-ram-8gb-para-mac-pro-2013
2026-07-01,ram,886378,Memória Ram 8GB Proliant Bl460c Bl660c Gen9,0.0,889.0,711.2,20,0,0,True,Outros,Hardware/Memória RAM/DDR 4/3200MHz,Sem Garantia,True,https://www.kabum.com.br/produto/886378/memoria-ram-8gb-proliant-bl460c-bl660c-gen9
2026-07-01,ram,886377,Memória Ram 8GB Ddr4 3200aa-r 25600 Registrada Hpe Cloudline,0.0,889.0,711.2,20,0,0,True,Outros,Hardware/Memória RAM/DDR 4/3200MHz,Sem Garantia,True,https://www.kabum.com.br/produto/886377/memoria-ram-8gb-ddr4-3200aa-r-25600-registrada-hpe-cloudline
2026-07-01,ram,886376,Memória Ram 8GB Dell Poweredge R440 R540 R640 R840 R740 R940,0.0,889.0,711.2,20,0,0,True,Outros,Hardware/Memória RAM/DDR 4/3200MHz,Sem Garantia,True,https://www.kabum.com.br/produto/886376/memoria-ram-8gb-dell-poweredge-r440-r540-r640-r840-r740-r940
2026-07-01,ram,1052719,Memória Ram Adata Ddr4 16gb 3200mhz Para PC,0.0,899.0,899.0,0,0,0,True,Adata,Hardware/Memória RAM/DDR 4/3200MHz,Sem Garantia,False,https://www.kabum.com.br/produto/1052719/memoria-ram-adata-ddr4-16gb-3200mhz-para-pc
2026-07-01,ram,878681,Memória Ram 16gb Ddr4 Proliant Dl120 - Dl160 - Dl180 - Gen9,0.0,859.0,859.0,0,0,0,True,Outros,Hardware/Memória RAM/DDR 4/2133MHz,Sem Garantia,True,https://www.kabum.com.br/produto/878681/memoria-ram-16gb-ddr4-proliant-dl120-dl160-dl180-gen9
2026-07-01,ram,878666,"Memória Ram 8GB Ddr4 Hp Proliant D160, Dl180, Dl20 Gen9",0.0,799.0,799.0,0,0,0,True,Outros,Hardware/Memória RAM/DDR 4/2666MHz,Sem Garantia,True,https://www.kabum.com.br/produto/878666/memoria-ram-8gb-ddr4-hp-proliant-d160-dl180-dl20-gen9
2026-07-01,ram,878663,"Memória Ram 8GB Para Hp Workstation Z4, Z6 E Z8 Gen4 - Ddr4 Ecc",0.0,799.0,799.0,0,0,0,True,Outros,Hardware/Memória RAM/DDR 4/2666MHz,Sem Garantia,True,https://www.kabum.com.br/produto/878663/memoria-ram-8gb-para-hp-workstation-z4-z6-e-z8-gen4-ddr4-ecc
2026-07-01,ram,878664,Memória Ram 8GB Ddr4 Dell Poweredge T430 T440 T630 T640,0.0,799.0,799.0,0,0,0,True,Outros,Hardware/Memória RAM/DDR 4/2666MHz,Sem Garantia,True,https://www.kabum.com.br/produto/878664/memoria-ram-8gb-ddr4-dell-poweredge-t430-t440-t630-t640
2026-07-01,ram,1051720,Memória Pichau Helix 8GB RGB Ddr4 3600mhz C22 Preto 1x8GB - PCh-hlxRGB3600-8GB,0.0,799.99,799.99,0,0,0,True,Outros,Hardware/Memória RAM/DDR 4,Sem Garantia,True,https://www.kabum.com.br/produto/1051720/memoria-pichau-helix-8gb-rgb-ddr4-3600mhz-c22-preto-1x8gb-pch-hlxrgb3600-8gb
2026-07-01,ram,1004508,Memoria 16gb Hp Proliant Dl160 Dl180 Dl320 Dl360 G6 G7 G8,0.0,699.0,692.01,1,0,0,True,Outros,Hardware/Memória RAM/DDR 3/1600 Mhz PC12800,Sem Garantia,True,https://www.kabum.com.br/produto/1004508/memoria-16gb-hp-proliant-dl160-dl180-dl320-dl360-g6-g7-g8
2026-07-01,ram,1021514,Memoria 16gb Ddr3 Para Dell R515 R710 R715 R720 T610 R920,0.0,599.0,599.0,0,0,0,True,Outros,Hardware/Memória RAM/DDR 3/1600 Mhz PC12800,Sem Garantia,True,https://www.kabum.com.br/produto/1021514/memoria-16gb-ddr3-para-dell-r515-r710-r715-r720-t610-r920
2026-07-01,ram,1051645,Memoria Kingston 8GB Ddr3 1600mhz,0.0,249.9,249.9,0,0,0,True,Kingston,Hardware/Memória RAM/DDR 3/1600 Mhz PC12800,Sem Garantia,False,https://www.kabum.com.br/produto/1051645/memoria-kingston-8gb-ddr3-1600mhz
2026-07-01,ram,1023234,Memoria 16gb Ddr3 Ecc Para Lenovo Rd530 Rd540 Rd630 Rd640,0.0,599.0,599.0,0,0,0,True,Outros,Hardware/Memória RAM/DDR 3/1600 Mhz PC12800,Sem Garantia,True,https://www.kabum.com.br/produto/1023234/memoria-16gb-ddr3-ecc-para-lenovo-rd530-rd540-rd630-rd640
2026-07-01,ram,1004507,Memoria 16gb Ddr4 Dell Poweredge T440 T640 Xc740xd,0.0,1499.0,1499.0,0,0,0,True,Outros,Hardware/Memória RAM/DDR 4/2666MHz,Sem Garantia,True,https://www.kabum.com.br/produto/1004507/memoria-16gb-ddr4-dell-poweredge-t440-t640-xc740xd
2026-07-01,ram,988995,Mem 8GB Ddr4 Para Dell Optiplex 3046 3050 5050 7040 Tower,0.0,899.0,854.05,5,0,0,True,Outros,Hardware/Memória RAM/DDR 4/2666MHz,Sem Garantia,True,https://www.kabum.com.br/produto/988995/mem-8gb-ddr4-para-dell-optiplex-3046-3050-5050-7040-tower
2026-07-01,ram,995897,Mem 8GB Ddr4 Para Dell Vostro 3681 3888 3471 Xps,0.0,899.0,854.05,5,0,0,True,Outros,Hardware/Memória RAM/DDR 4/2666MHz,Sem Garantia,True,https://www.kabum.com.br/produto/995897/mem-8gb-ddr4-para-dell-vostro-3681-3888-3471-xps
2026-07-01,ram,995538,Memoria 8GB Ddr4 Para Hp Proliant Bl460c Bl660c G9,0.0,899.0,854.05,5,0,0,True,Outros,Hardware/Memória RAM/DDR 4/2400MHz,Sem Garantia,True,https://www.kabum.com.br/produto/995538/memoria-8gb-ddr4-para-hp-proliant-bl460c-bl660c-g9
2026-07-01,ram,995537,Mem 32gb Ddr4 Para Dell Vostro 3710 3910 Xps 8940 Desktop,0.0,2699.0,2564.05,5,0,0,True,Outros,Hardware/Memória RAM/DDR 4/2666MHz,Sem Garantia,True,https://www.kabum.com.br/produto/995537/mem-32gb-ddr4-para-dell-vostro-3710-3910-xps-8940-desktop
2026-07-01,ram,995536,Memoria 16gb Ddr4 Para Dell Inspiron 15 5565 5567 5568 5570,0.0,1499.0,1424.05,5,0,0,True,Outros,Hardware/Memória RAM/DDR 4/2666MHz,Sem Garantia,True,https://www.kabum.com.br/produto/995536/memoria-16gb-ddr4-para-dell-inspiron-15-5565-5567-5568-5570
2026-07-01,ram,988994,Mem 8GB Ddr4 Para Al In One M920z / P330,0.0,849.0,806.55,5,0,0,True,Outros,Hardware/Memória RAM/DDR 4/2666MHz,Sem Garantia,True,https://www.kabum.com.br/produto/988994/memoria-8gb-ddr4-para-dell-inspiron-14-7000-7460-7466-7580
2026-07-01,ram,988993,Memoria 16gb Ddr4 Para Lenovo Ideacentre 510 510a T540,0.0,1499.0,1424.05,5,0,0,True,Outros,Hardware/Memória RAM/DDR 4/2666MHz,Sem Garantia,True,https://www.kabum.com.br/produto/988993/memoria-16gb-ddr4-para-lenovo-ideacentre-510-510a-t540
2026-07-01,ram,957186,Memoria 16gb Ddr4 Para Lenovo Ts150 Rs160 Ts450 Ts460,0.0,1999.0,1899.05,5,0,0,True,Outros,Hardware/Memória RAM/DDR 4/2400MHz,Sem Garantia,True,https://www.kabum.com.br/produto/957186/memoria-16gb-ddr4-para-lenovo-ts150-rs160-ts450-ts460
2026-07-01,ram,996167,Mem 8GB Ddr3 Para Lenovo Ideapad 500-14isk 15isk 310-14iap,0.0,399.0,379.05,5,0,0,True,Outros,Hardware/Memória RAM/DDR 3/1600 Mhz PC12800,Sem Garantia,True,https://www.kabum.com.br/produto/996167/mem-8gb-ddr3-para-lenovo-ideapad-500-14isk-15isk-310-14iap
2026-07-01,ram,996051,Memoria 8GB Ddr4 Para Dell Inspiron 3180 3185 3195 7375 3465,0.0,849.0,806.55,5,0,0,True,Outros,Hardware/Memória RAM/DDR 4/2666MHz,Sem Garantia,True,https://www.kabum.com.br/produto/996051/memoria-8gb-ddr4-para-dell-inspiron-3180-3185-3195-7375-3465
2026-07-01,ram,995755,Memoria 16gb Ddr4 Dell G5 Gaming Desktop (5090),0.0,1599.0,1519.05,5,0,0,True,Outros,Hardware/Memória RAM/DDR 4/2666MHz,Sem Garantia,True,https://www.kabum.com.br/produto/995755/memoria-16gb-ddr4-dell-g5-gaming-desktop-5090-
2026-07-01,ram,995645,Memoria 32gb Ddr4 2666mhz Para Mac Mini (late 2018),0.0,2299.0,2184.05,5,0,0,True,Outros,Hardware/Memória RAM/DDR 4/2666MHz,Sem Garantia,True,https://www.kabum.com.br/produto/995645/memoria-32gb-ddr4-2666mhz-para-mac-mini-late-2018-
2026-07-01,ram,996052,Memoria 8GB Ddr4 Para Dell Inspiron 7560 7566 7567 7569 7570,0.0,849.0,806.55,5,0,0,True,Outros,Hardware/Memória RAM/DDR 4/2666MHz,Sem Garantia,True,https://www.kabum.com.br/produto/996052/memoria-8gb-ddr4-para-dell-inspiron-7560-7566-7567-7569-7570
2026-07-01,ram,1015356,Mem 16gb Ddr5 Para Asus Rog Strix G15 G16 Tuf Gaming A15 A17,0.0,1999.0,1999.0,0,0,0,True,Outros,Hardware/Memória RAM/DDR 5/4800MHz,Sem Garantia,False,https://www.kabum.com.br/produto/1015356/mem-16gb-ddr5-para-asus-rog-strix-g15-g16-tuf-gaming-a15-a17
2026-07-01,ram,1007946,Memoria 16gb Ddr4 Hp Proliant Ml110 Ml150 Ml350 Ml150 Dl560 Dl580 G9 G10,0.0,1499.0,1499.0,0,0,0,True,Outros,Hardware/Memória RAM/DDR 4/2666MHz,Sem Garantia,True,https://www.kabum.com.br/produto/1007946/memoria-16gb-ddr4-hp-proliant-ml110-ml150-ml350-ml150-dl560-dl580-g9-g10
2026-07-01,ram,1007947,Memoria 16gb Ddr4 Para Lenovo System X3500 M5 X3550 X3650 M5 X3850 X6,0.0,1499.0,1499.0,0,0,0,True,Outros,Hardware/Memória RAM/DDR 4/2400MHz,Sem Garantia,True,https://www.kabum.com.br/produto/1007947/memoria-16gb-ddr4-para-lenovo-system-x3500-m5-x3550-x3650-m5-x3850-x6
2026-07-01,ram,1015354,Memoria 16gb Ddr5 Para Dell M15 R7 / M17 R5 / G15 5520 5530,0.0,1999.0,1999.0,0,0,0,True,Outros,Hardware/Memória RAM/DDR 5/4800MHz,Sem Garantia,False,https://www.kabum.com.br/produto/1015354/memoria-16gb-ddr5-para-dell-m15-r7-m17-r5-g15-5520-5530
2026-07-01,ram,1023181,Memoria 32gb Ddr4 Para Lenovo Thinkserver  Rd550,0.0,2399.0,2399.0,0,0,0,True,Outros,Hardware/Memória RAM/DDR 4/2400MHz,Sem Garantia,True,https://www.kabum.com.br/produto/1023181/memoria-32gb-ddr4-para-lenovo-thinkserver-rd550
2026-07-01,ram,989603,Mem 16gb Ddr4 Para Lenovo Legion Y530 Laptop Y540 (15) Y740,0.0,1499.0,1424.05,5,0,0,True,Outros,Hardware/Memória RAM/DDR 4/2666MHz,Sem Garantia,True,https://www.kabum.com.br/produto/989603/mem-16gb-ddr4-para-lenovo-legion-y530-laptop-y540-15-y740
2026-07-01,ram,1038214,Memoria 16gb Ddr4 Para Lenovo V530 V530s V520 Sff,0.0,1599.0,1599.0,0,0,0,True,Outros,Hardware/Memória RAM/DDR 4,Sem Garantia,True,https://www.kabum.com.br/produto/1038214/memoria-16gb-ddr4-para-lenovo-v530-v530s-v520-sff
2026-07-01,ram,1021516,Memória 8GB Ddr3 Para Dell Xps 8500 8700 Desktop C/nf,0.0,399.0,399.0,0,0,0,True,Outros,Hardware/Memória RAM/DDR 3/1600 Mhz PC12800,Sem Garantia,False,https://www.kabum.com.br/produto/1021516/memoria-8gb-ddr3-para-dell-xps-8500-8700-desktop-c-nf
2026-07-01,ram,989128,Mem 8GB Ddr3 Para Dell Inspirion 3135 3137 3138 3147 3152,0.0,399.0,379.05,5,0,0,True,Outros,Hardware/Memória RAM/DDR 3/1600 Mhz PC12800,Sem Garantia,True,https://www.kabum.com.br/produto/989128/mem-8gb-ddr3-para-dell-inspirion-3135-3137-3138-3147-3152
2026-07-01,ram,997569,Memoria 8GB Ddr4 Para Dell Inspiron 24 3000 3464 3477 3472,0.0,849.0,806.55,5,0,0,True,Outros,Hardware/Memória RAM/DDR 4/2666MHz,Sem Garantia,True,https://www.kabum.com.br/produto/997569/memoria-8gb-ddr4-para-dell-inspiron-24-3000-3464-3477-3472
2026-07-01,ram,997567,Memoria 8GB Ddr4 Para Dell Inspiron 13 5000 (5368) 5370 5378,0.0,849.0,806.55,5,0,0,True,Outros,Hardware/Memória RAM/DDR 4/2666MHz,Sem Garantia,True,https://www.kabum.com.br/produto/997567/memoria-8gb-ddr4-para-dell-inspiron-13-5000-5368-5370-5378
2026-07-01,ram,988974,Memoria 8GB Ddr3 Para Dell Vostro 3800 3900 3902 470,0.0,399.0,379.05,5,0,0,True,Outros,Hardware/Memória RAM/DDR 3/1600 Mhz PC12800,Sem Garantia,True,https://www.kabum.com.br/produto/988974/memoria-8gb-ddr3-para-dell-precision-workstation-t3610-t3600
2026-07-01,ram,996170,Memoria 16gb Ddr4 Para Dell R430 R530 R630 R730 R830,0.0,1499.0,1499.0,0,0,0,True,Outros,Hardware/Memória RAM/DDR 4/2400MHz,Sem Garantia,True,https://www.kabum.com.br/produto/996170/memoria-16gb-ddr4-para-dell-r430-r530-r630-r730-r830
2026-07-01,ram,1000472,Memoria 8GB Ddr4 Para Hp Workstation Z1 G5 Z2 Small G4 Z4,0.0,899.0,890.01,1,0,0,True,Outros,Hardware/Memória RAM/DDR 4/2666MHz,Sem Garantia,True,https://www.kabum.com.br/produto/1000472/memoria-8gb-ddr4-para-hp-workstation-z1-g5-z2-small-g4-z4
2026-07-01,ram,676979,"Memória 16gb Ddr4 4800mhz Crucial, Notebook - Cb16gs4800",0.0,1728.0,1728.0,0,0,0,True,Crucial,Hardware/Memória RAM/DDR 4,Sem Garantia,True,https://www.kabum.com.br/produto/676979/memoria-16gb-ddr4-4800mhz-crucial-notebook-cb16gs4800
2026-07-01,ram,503792,"Memória RAM Macrovip, DDR4, 8GB, 3200mhz - Mv32n22/8",0.0,579.0,579.0,0,0,0,True,MACROVIP,Hardware/Memória RAM/DDR 4/3200MHz,Sem Garantia,False,https://www.kabum.com.br/produto/503792/memoria-ram-macrovip-ddr4-8gb-3200mhz-mv32n22-8
2026-07-01,ram,1045484,Memória Ram Ddr3 8GB 1600mhz Fnx Fnx16n11/8g Desktop,0.0,228.0,228.0,0,0,0,True,Fnx,Hardware/Memória RAM/DDR 3/1600 Mhz PC12800,Sem Garantia,False,https://www.kabum.com.br/produto/1045484/memoria-ram-ddr3-8gb-1600mhz-fnx-fnx16n11-8g-desktop
2026-07-01,ram,1029912,Memoria Desktop Ddr5 16gb 5600mhz Cl46 1.1v Patriot Signature Premium,0.0,1678.9,1678.9,0,0,0,True,Patriot,Hardware/Memória RAM/DDR 5/5600MHz,Sem Garantia,False,https://www.kabum.com.br/produto/1029912/memoria-desktop-ddr5-16gb-5600mhz-cl46-1-1v-patriot-signature-premium
2026-07-01,ram,987283,"Memória Ram Servidor Atermiter 16gb 2400mhz Ddr4, Game Memory Ppx, Ecc Registrada (reg-ecc)",0.0,1099.99,1099.99,0,0,0,True,Atermiter,Hardware/Memória RAM/DDR 4/2400MHz,Sem Garantia,False,https://www.kabum.com.br/produto/987283/memoria-ram-desktop-ddr4-16gb-2400mhz-atermiter-ecc-server-only
2026-07-01,ram,886357,Memória Ram 8GB Ddr3 Dell Poweredge T410 T610 T320 T420 T620,0.0,315.0,315.0,0,0,0,True,Outros,Hardware/Memória RAM/DDR 3/1600 Mhz PC12800,Sem Garantia,True,https://www.kabum.com.br/produto/886357/memoria-ram-8gb-ddr3-dell-poweredge-t410-t610-t320-t420-t620
2026-07-01,ram,886371,Memória Ram 8GB Ddr3 1600mhz 12800r Servidores Hp Ibm Dell,0.0,315.0,315.0,0,0,0,True,Outros,Hardware/Memória RAM/DDR 3/1600 Mhz PC12800,Sem Garantia,True,https://www.kabum.com.br/produto/886371/memoria-ram-8gb-ddr3-1600mhz-12800r-servidores-hp-ibm-dell
2026-07-01,ram,886354,Memória Ram 8GB Ddr3 1600mhz  Hp Proliant Ml350e Ml350p Gen8,0.0,315.0,315.0,0,0,0,True,Outros,Hardware/Memória RAM/DDR 3/1600 Mhz PC12800,Sem Garantia,True,https://www.kabum.com.br/produto/886354/memoria-ram-8gb-ddr3-1600mhz-hp-proliant-ml350e-ml350p-gen8
2026-07-01,ram,952219,Memória Ram  8GB Ddr4 Udimm Ecc - Supermicro - Server,0.0,1259.0,1259.0,0,0,0,True,Outros,Hardware/Memória RAM/DDR 4/2400MHz,Sem Garantia,True,https://www.kabum.com.br/produto/952219/memoria-ram-8gb-ddr4-udimm-ecc-supermicro-server
2026-07-01,ram,952222,Memória Ram  8GB Ddr4 Udimm Ecc - Hp Workstation,0.0,1259.0,1259.0,0,0,0,True,Outros,Hardware/Memória RAM/DDR 4/2400MHz,Sem Garantia,True,https://www.kabum.com.br/produto/952222/memoria-ram-8gb-ddr4-udimm-ecc-hp-workstation
2026-07-01,ram,951074,Memória Ram Desktop Ddr3l 4gb 1600mhz Crucial,0.0,159.9,159.9,0,0,0,True,Crucial,Hardware/Memória RAM/DDR 3/1600 Mhz PC12800,Sem Garantia,False,https://www.kabum.com.br/produto/951074/memoria-ram-desktop-ddr3l-4gb-1600mhz-crucial
2026-07-01,ram,1012457,Memória Ram Crucial Para Desktop 16gb 2666mhz Ctg16dfd8266,0.0,849.9,849.9,0,0,0,True,Crucial,Hardware/Memória RAM/DDR 4/2666MHz,Sem Garantia,False,https://www.kabum.com.br/produto/1012457/memoria-ram-crucial-para-desktop-16gb-2666mhz-ctg16dfd8266
2026-07-01,ram,992432,Memória Para PC Corsair Vengeance RGB 32gb 5600mhz Ddr5 - 7038,0.0,4125.0,4125.0,0,0,0,True,Corsair,Hardware/Memória RAM/DDR 5/5600MHz,Sem Garantia,False,https://www.kabum.com.br/produto/992432/memoria-para-pc-corsair-vengeance-rgb-32gb-5600mhz-ddr5-7038
2026-07-01,ram,1044237,"Memória Para Notebook Patriot Signature Line, 8GB Ddr3l, 1600mhz, PC3-12800, 1.35v, Low Voltage, Cl11 - Psd38g1600l2s",0.0,144.61,127.26,12,0,0,True,Patriot,Hardware/Memória RAM/DDR 3/1600 Mhz PC12800,Sem Garantia,False,https://www.kabum.com.br/produto/1044237/memoria-para-notebook-patriot-signature-line-8gb-ddr3l-1600mhz-pc3-12800-1-35v-low-voltage-cl11-psd38g1600l2s
2026-07-01,ram,833808,Memória Para Notebook Corsair Vengeance 16gb 5200mhz Ddr5 - Cmsx16gx5m1a5200c44 - 6261.,0.0,1875.0,1875.0,0,0,0,True,Corsair,Hardware/Memória RAM/DDR 5,Sem Garantia,False,https://www.kabum.com.br/produto/833808/memoria-para-notebook-corsair-vengeance-16gb-5200mhz-ddr5-cmsx16gx5m1a5200c44-6261-
2026-07-01,ram,992440,Memória Para PC Kingston Fury Beast 16gb 6000mhz Ddr4 - Kf560c30bbea-16 - 6901,0.0,4225.0,4225.0,0,0,0,True,Kingston,Hardware/Memória RAM/DDR 4,Sem Garantia,False,https://www.kabum.com.br/produto/992440/memoria-para-pc-kingston-fury-beast-16gb-6000mhz-ddr4-kf560c30bbea-16-6901
2026-07-01,ram,495647,"Memória Keepdata Kd24n17/16g, 16GB, 2400MHz, DDR4 - Pc2400, 1 2v",0.0,869.0,869.0,0,0,0,True,KEEPDATA,Hardware/Memória RAM/DDR 4,Sem Garantia,False,https://www.kabum.com.br/produto/495647/memoria-keepdata-kd24n17-16g-16gb-2400mhz-ddr4-pc2400-1-2v
2026-07-01,ram,1050159,Memoria Ddr3 8GB 1600mhz Macrovip,0.0,2487.4,2487.4,0,0,0,True,MACROVIP,Hardware/Memória RAM/DDR 3/1600 Mhz PC12800,Sem Garantia,False,https://www.kabum.com.br/produto/1050159/memoria-ddr3-8gb-1600mhz-macrovip
2026-07-01,ram,1050172,Memória Ddr3 8GB 1600mhz Ultra Link,0.0,2487.4,2487.4,0,0,0,True,Outros,Hardware/Memória RAM/DDR 3/1600 Mhz PC12800,Sem Garantia,False,https://www.kabum.com.br/produto/1050172/memoria-ddr3-8gb-1600mhz-ultra-link
2026-07-01,ram,878673,"Memória Ram 16gb Para Hp Workstation Z4, Z6 E Z8 Gen4 - Ddr4 Ecc",0.0,899.0,899.0,0,0,0,True,Outros,Hardware/Memória RAM/DDR 4/2666MHz,Sem Garantia,True,https://www.kabum.com.br/produto/878673/memoria-ram-16gb-para-hp-workstation-z4-z6-e-z8-gen4-ddr4-ecc
2026-07-01,ram,1053587,"Memória Ram Crucial, 16gb, 3200mhz, Ddr4 - P/notebook - Ct16g4sfra32a",0.0,949.9,873.91,8,0,0,True,Crucial,Hardware/Memória RAM/DDR 4/3200MHz,Sem Garantia,True,https://www.kabum.com.br/produto/1053587/memoria-ram-crucial-16gb-3200mhz-ddr4-p-notebook-ct16g4sfra32a
2026-07-01,ram,1053626,Memória 8g Ddr4 3000mhz Gamer Xpg RGB,0.0,579.9,579.9,0,0,0,True,Adata XPG,Hardware/Memória RAM/DDR 4/3200MHz,Sem Garantia,False,https://www.kabum.com.br/produto/1053626/memoria-8g-ddr4-3000mhz-gamer-xpg-rgb
2026-07-01,ram,833963,Memória Ram Para Servidor Dell Poweredge T20 - 8GB.,0.0,599.0,599.0,0,0,0,True,Outros,Hardware/Memória RAM/DDR 3,Sem Garantia,True,https://www.kabum.com.br/produto/833963/memoria-ram-para-servidor-dell-poweredge-t20-8gb
2026-07-01,ram,780616,Memória Ram Para Servidor Dell Precision T3610 - 8GB Ecc,0.0,599.0,599.0,0,0,0,True,Outros,Hardware/Memória RAM/DDR 3,Sem Garantia,True,https://www.kabum.com.br/produto/780616/memoria-ram-para-servidor-dell-precision-t3610-8gb-ecc
2026-07-01,ram,886366,Memória Ram 16gb Ddr3 Dell Poweredge R415 R515 R715 R815,0.0,452.0,452.0,0,0,0,True,Outros,Hardware/Memória RAM/DDR 3/1600 Mhz PC12800,Sem Garantia,True,https://www.kabum.com.br/produto/886366/memoria-ram-16gb-ddr3-dell-poweredge-r415-r515-r715-r815
2026-07-01,ram,833965,Memória Ram Para Servidor Hp Proliant Dl360e Gen8 - 8GB Ecc.,0.0,599.0,599.0,0,0,0,True,Outros,Hardware/Memória RAM/DDR 3,Sem Garantia,True,https://www.kabum.com.br/produto/833965/memoria-ram-para-servidor-hp-proliant-dl360e-gen8-8gb-ecc
2026-07-01,ram,833968,Memória Ram Para Servidor Dell Precision Workstation T1700,0.0,599.0,599.0,0,0,0,True,Outros,Hardware/Memória RAM/DDR 3,Sem Garantia,True,https://www.kabum.com.br/produto/833968/memoria-ram-para-servidor-dell-precision-workstation-t1700
2026-07-01,ram,833962,Memória Ram Para Servidor Dell Poweredge R220 - 8GB Ec,0.0,599.0,599.0,0,0,0,True,Outros,Hardware/Memória RAM/DDR 3,Sem Garantia,True,https://www.kabum.com.br/produto/833962/memoria-ram-para-servidor-dell-poweredge-r220-8gb-ec
2026-07-01,ram,833967,Memória Ram Para Servidor Dell Precision T1700 - 8GB Ecc,0.0,599.0,599.0,0,0,0,True,Outros,Hardware/Memória RAM/DDR 3,Sem Garantia,True,https://www.kabum.com.br/produto/833967/memoria-ram-para-servidor-dell-precision-t1700-8gb-ecc
2026-07-01,ram,764905,Memória Ram 32gb Ddr4 Ecc Hp Proliant Dl560 E Dl 580 Gen9,0.0,1399.0,1399.0,0,0,0,True,Outros,Hardware/Memória RAM/DDR 4,Sem Garantia,True,https://www.kabum.com.br/produto/764905/memoria-ram-32gb-ddr4-ecc-hp-proliant-dl560-e-dl-580-gen9
2026-07-01,ram,764871,"Memória Ram 32gb Ecc Registrada Para Servidores Dell, Hpe E Lenovo",0.0,1399.0,1399.0,0,0,0,True,Outros,Hardware/Memória RAM/DDR 3,Sem Garantia,True,https://www.kabum.com.br/produto/764871/memoria-ram-32gb-ecc-registrada-para-servidores-dell-hpe-e-lenovo
2026-07-01,ram,991926,Memória Sodimm 16gb Ddr5 4800mhz - Para Notebook Lenovo - Oem,0.0,2629.99,2366.99,10,0,0,True,Outros,Hardware/Memória RAM/DDR 5/4800MHz,Sem Garantia,False,https://www.kabum.com.br/produto/991926/memoria-sodimm-16gb-ddr5-4800mhz-para-notebook-lenovo-oem
2026-07-01,ram,991925,Memória Sodimm 16gb Ddr5 4800mhz - Para Notebook Asus - Oem,0.0,2629.99,2366.99,10,0,0,True,Outros,Hardware/Memória RAM/DDR 5/4800MHz,Sem Garantia,False,https://www.kabum.com.br/produto/991925/memoria-sodimm-16gb-ddr5-4800mhz-para-notebook-asus-oem
2026-07-01,ram,991929,Memória Sodimm 16gb Ddr5 4800mhz - Para Notebook Samsung - Oem,0.0,2629.99,2366.99,10,0,0,True,Outros,Hardware/Memória RAM/DDR 5/4800MHz,Sem Garantia,False,https://www.kabum.com.br/produto/991929/memoria-sodimm-16gb-ddr5-4800mhz-para-notebook-samsung-oem
2026-07-01,ram,991973,Memória Sodimm 8GB Ddr5 5600mhz - Para Notebook Hp - Oem,0.0,1689.99,1520.99,10,0,0,True,Outros,Hardware/Memória RAM/DDR 5/5600MHz,Sem Garantia,False,https://www.kabum.com.br/produto/991973/memoria-sodimm-8gb-ddr5-5600mhz-para-notebook-hp-oem
2026-07-01,ram,473753,"Memória Corsair Vengeance, 2GB, 1600MHz, DDR3, Latência CL8, Xmp - Cmz6gx3m3a1600c8",0.0,343.99,309.59,10,0,0,True,Corsair,Hardware/Memória RAM/DDR 3,Sem Garantia,False,https://www.kabum.com.br/produto/473753/memoria-corsair-vengeance-2gb-1600mhz-ddr3-latencia-cl8-xmp-cmz6gx3m3a1600c8
2026-07-01,ram,1053599,"Memória Para PC 8GB Keepdata, Ddr5, 4800mhz, Cl40 - Kd48n40/8g",0.0,1261.52,1198.44,5,0,0,True,KEEPDATA,Hardware/Memória RAM/DDR 5/4800MHz,Sem Garantia,False,https://www.kabum.com.br/produto/1053599/memoria-para-pc-8gb-keepdata-ddr5-4800mhz-cl40-kd48n40-8g
2026-07-01,ram,1053601,"Memória Para PC 16gb Kingston, Ddr5, 5600mhz, Cl46 - Kvr56u46bs8/16",0.0,2307.68,2192.3,5,0,0,True,Kingston,Hardware/Memória RAM/DDR 5/5600MHz,Sem Garantia,False,https://www.kabum.com.br/produto/1053601/memoria-para-pc-16gb-kingston-ddr5-5600mhz-cl46-kvr56u46bs8-16
2026-07-01,ram,532744,"Memória Dale7, 16GB, 5600Mhz, DDR5, Notebook, 1.1v",0.0,1253.89,1253.89,0,0,0,True,Outros,Hardware/Memória RAM/DDR 5,Sem Garantia,False,https://www.kabum.com.br/produto/532744/memoria-dale7-16gb-5600mhz-ddr5-notebook-1-1v
2026-07-01,ram,1003484,Memoria Notebook  16gb Ddr5 5600 Cl42 1.1v Lo-dimm NbDDR5165600 Macroway,0.0,1701.0,1479.87,13,0,0,True,Macroway,Hardware/Memória RAM/DDR 5,Sem Garantia,False,https://www.kabum.com.br/produto/1003484/memoria-notebook-16gb-ddr5-5600-cl42-1-1v-lo-dimm-nbddr5165600-macroway
2026-07-01,ram,1044357,Memoria Para Desktop Ddr5 16gb 5600mhz PC5 44800 Com Dissipador Prosetup Avanshare,0.0,1600.0,1440.0,10,0,0,True,Prosetup,Hardware/Memória RAM/DDR 5/5600MHz,Sem Garantia,False,https://www.kabum.com.br/produto/1044357/memoria-para-desktop-ddr5-16gb-5600mhz-pc5-44800-com-dissipador-prosetup-avanshare
2026-07-01,ram,1052092,Memória De 16gb Para Synology Ds1825+/ Ds1621+/ Ds1525+ / Ds925+ / Ds725+ / Owc2c6d42r816gb,0.0,1699.0,1699.0,0,0,0,True,Outros,Hardware/Memória RAM/DDR 4/2666MHz,Sem Garantia,False,https://www.kabum.com.br/produto/1052092/memoria-de-16gb-para-synology-ds1825-ds1621-ds1525-ds925-ds725-owc2c6d42r816gb
2026-07-01,ram,1044329,Memoria Para Desktop Ddr3 8GB 1600mhz PC3-12800 Cl11 Prosetup Avanshare,0.0,140.0,140.0,0,0,0,True,Prosetup,Hardware/Memória RAM/DDR 3/1600 Mhz PC12800,Sem Garantia,False,https://www.kabum.com.br/produto/1044329/memoria-para-desktop-ddr3-8gb-1600mhz-pc3-12800-cl11-prosetup-avanshare
2026-07-01,ram,952170,Memória Ram 8GB Ddr4 2133mhz Ecc  Para Thinkstation,0.0,759.0,759.0,0,0,0,True,Outros,Hardware/Memória RAM/DDR 4/2133MHz,Sem Garantia,True,https://www.kabum.com.br/produto/952170/memoria-ram-8gb-ddr4-2133mhz-ecc-para-thinkstation
2026-07-01,ram,886351,Memória Ram 16gb Ddr3 1333mhz  Hp Proliant Ml350e Ml350p Gen8,0.0,449.0,449.0,0,0,0,True,Outros,Hardware/Memória RAM/DDR 3/1333 Mhz PC10666,Sem Garantia,True,https://www.kabum.com.br/produto/886351/memoria-ram-16gb-ddr3-1333mhz-hp-proliant-ml350e-ml350p-gen8
2026-07-01,ram,886350,Memória Ram 16gb Ddr3 1333mhz 10600r Para System X,0.0,449.0,449.0,0,0,0,True,Outros,Hardware/Memória RAM/DDR 3/1333 Mhz PC10666,Sem Garantia,True,https://www.kabum.com.br/produto/886350/memoria-ram-16gb-ddr3-1333mhz-10600r-para-system-x
2026-07-01,ram,996396,Placa De Video Arktek Radeon Rx550 4gb GDDR5 - Akr550d5s4gh1,0.0,856.37,702.22,18,0,0,True,Arktek,Hardware/Memória RAM/DDR 5,Sem Garantia,True,https://www.kabum.com.br/produto/996396/placa-de-video-arktek-radeon-rx550-4gb-gddr5-akr550d5s4gh1
2026-07-01,ram,940467,Memória Ram Notebook 16gb Gta Tech Ddr4 3200mhz Cl22 1.2v,0.0,611.65,519.9,15,0,0,True,GTA TECH,Hardware/Memória RAM/DDR 4/3200MHz,Sem Garantia,False,https://www.kabum.com.br/produto/940467/memoria-ram-notebook-16gb-gta-tech-ddr4-3200mhz-cl22-1-2v
2026-07-01,ram,1020599,Kit Com 10 Memorias 8GB P/pc Ddr3 Kingston 1600mhz Kvr16n11/8,0.0,1447.9,1447.9,0,0,0,True,Kingston,Hardware/Memória RAM/DDR 3/1600 Mhz PC12800,Sem Garantia,False,https://www.kabum.com.br/produto/1020599/kit-com-10-memorias-8gb-p-pc-ddr3-kingston-1600mhz-kvr16n11-8
2026-07-01,ram,1036310,Memoria PCyes Sodimm 16gb Ddr4 3200mhz - Pm163200d4so,0.0,1136.37,1022.73,10,0,0,True,PCYES,Hardware/Memória RAM/DDR 4/3200MHz,Sem Garantia,False,https://www.kabum.com.br/produto/1036310/memoria-pcyes-sodimm-16gb-ddr4-3200mhz-pm163200d4so
2026-07-01,ram,532575,"Memória GamerDale7 No Limits, 8GB, 1333Mhz, DDR3, Desktop, Vermelho",0.0,199.89,199.89,0,0,0,True,Outros,Hardware/Memória RAM/DDR 3,Sem Garantia,False,https://www.kabum.com.br/produto/532575/memoria-gamerdale7-no-limits-8gb-1333mhz-ddr3-desktop-vermelho
2026-07-01,ram,532713,"Memória Dale7, 8GB, 3200Mhz, DDR4, Notebook, 1.2v",0.0,407.89,407.89,0,0,0,True,Outros,Hardware/Memória RAM/DDR 4,Sem Garantia,False,https://www.kabum.com.br/produto/532713/memoria-dale7-8gb-3200mhz-ddr4-notebook-1-2v
2026-07-01,ram,533040,"Memória Dale7, 1GB, 667Mhz, DDR2, Notebook, 1.8v",0.0,58.89,58.89,0,0,0,True,Outros,Hardware/Memória RAM/DDR 2,Sem Garantia,False,https://www.kabum.com.br/produto/533040/memoria-dale7-1gb-667mhz-ddr2-notebook-1-8v
2026-07-01,ram,533104,"Memória Dale7, 2GB, 1600Mhz, DDR3, Desktop, 1.5v",0.0,58.89,58.89,0,0,0,True,Outros,Hardware/Memória RAM/DDR 3,Sem Garantia,False,https://www.kabum.com.br/produto/533104/memoria-dale7-2gb-1600mhz-ddr3-desktop-1-5v
2026-07-01,ram,1029908,Memória Ram Ddr4 16gb 2400mhz Crucial,0.0,999.0,999.0,0,0,0,True,Crucial,Hardware/Memória RAM/DDR 4/2400MHz,Sem Garantia,False,https://www.kabum.com.br/produto/1029908/memoria-ram-ddr4-16gb-2400mhz-crucial
2026-07-01,ram,1017954,Memória Ram 16gb Ddr4 3200mhz Westgatte Gamer,0.0,1099.0,1099.0,0,0,0,True,Outros,Hardware/Memória RAM/DDR 4/3200MHz,Sem Garantia,False,https://www.kabum.com.br/produto/1017954/memoria-ram-16gb-ddr4-3200mhz-westgatte-gamer
2026-07-01,ram,1018273,Memória Ram Samsung 8GB Ddr5 4800 Mt/s Udimm,0.0,1499.0,1499.0,0,0,0,True,Samsung,Hardware/Memória RAM/DDR 5/4800MHz,Sem Garantia,False,https://www.kabum.com.br/produto/1018273/memoria-ram-samsung-8gb-ddr5-4800-mt-s-udimm
2026-07-01,ram,1045766,"Memória Ram Macrovip Max RGB, 16gb, Ddr4, 3200mhz, Cl16, Mvx32n16/16r",0.0,1237.64,990.11,20,0,0,True,Outros,Hardware/Memória RAM/DDR 4/3200MHz,Sem Garantia,False,https://www.kabum.com.br/produto/1045766/memoria-ram-macrovip-max-rgb-16gb-ddr4-3200mhz-cl16-mvx32n16-16r
2026-07-01,ram,581103,Memoria PCyes Udimm 4gb Ddr3 1600mhz - Pm041600d3,0.0,187.97,187.97,0,0,0,True,PCYES,Hardware/Memória RAM/DDR 3,Sem Garantia,False,https://www.kabum.com.br/produto/581103/memoria-pcyes-udimm-4gb-ddr3-1600mhz-pm041600d3
2026-07-01,ram,712616,Memoria PCyes Sodimm 4gb Ddr3 1600mhz - Pm041600d3so,0.0,129.97,129.97,0,0,0,True,PCYES,Hardware/Memória RAM/DDR 3,Sem Garantia,False,https://www.kabum.com.br/produto/712616/memoria-pcyes-sodimm-4gb-ddr3-1600mhz-pm041600d3so
2026-07-01,ram,656187,Memória Ram 4gb 2 Kingston Ktm2865/4g,0.0,599.0,599.0,0,0,0,True,Kingston,Hardware/Memória RAM/DDR 3,Sem Garantia,False,https://www.kabum.com.br/produto/656187/memoria-ram-4gb-2-kingston-ktm2865-4g
2026-07-01,ram,658860,Memória Nt1gt72u89d0bd-ac Nanya 1gb Ddr2,0.0,139.0,139.0,0,0,0,True,Nanya,Hardware/Memória RAM/DDR 2,Sem Garantia,False,https://www.kabum.com.br/produto/658860/memoria-nt1gt72u89d0bd-ac-nanya-1gb-ddr2
2026-07-01,ram,658831,Memória Para Servidor Samsung 2gb Ddr Sdram M312l5628bto-cbo,0.0,60.0,60.0,0,0,0,True,Samsung,Hardware/Memória RAM/DDR 4/2666MHz,Sem Garantia,False,https://www.kabum.com.br/produto/658831/memoria-para-servidor-samsung-2gb-ddr-sdram-m312l5628bto-cbo
2026-07-01,ram,658824,Memória Kingston 2gb Ddr3 1333mhz Servidores Ktd-pe313e/2g,0.0,199.0,199.0,0,0,0,True,Kingston,Hardware/Memória RAM/DDR 3,Sem Garantia,False,https://www.kabum.com.br/produto/658824/memoria-kingston-2gb-ddr3-1333mhz-servidores-ktd-pe313e-2g
2026-07-01,ram,1049013,Memoria Hynix 512mb Ddr2 667mh PC2-5300s Hymp564s64cp6-y5 Ab,0.0,24.9,24.9,0,0,0,True,HYNIX,Hardware/Memória RAM/DDR 2/667 Mhz PC5300,Sem Garantia,False,https://www.kabum.com.br/produto/1049013/memoria-hynix-512mb-ddr2-667mh-pc2-5300s-hymp564s64cp6-y5-ab
2026-07-01,ram,1029394,Memoria PC Ddr5 32gb 4800mhz 38400 Cl40 288pin Box Pn: Xlm2ypcd532gb4800,0.0,3412.85,3412.85,0,0,0,True,Xlinne,Hardware/Memória RAM/DDR 5/4800MHz,Sem Garantia,False,https://www.kabum.com.br/produto/1029394/memoria-pc-ddr5-32gb-4800mhz-38400-cl40-288pin-box-pn-xlm2ypcd532gb4800
2026-07-01,ram,1033414,Memoria Ram 8GB Ddr3 1600mhz Bpc,0.0,252.85,252.85,0,0,0,True,BRAZILPC,Hardware/Memória RAM/DDR 3/1600 Mhz PC12800,Sem Garantia,False,https://www.kabum.com.br/produto/1033414/memoria-pc-ddr3-8gb-1600mhz-bpc
2026-07-01,ram,1027900,Memoria Ram 32gb Ddr4 2666mhz Cl19 1.2v XLinne,0.0,1897.85,1897.85,0,0,0,True,Xlinne,Hardware/Memória RAM/DDR 3/1600 Mhz PC12800,Sem Garantia,False,https://www.kabum.com.br/produto/1027900/memoria-ram-32gb-ddr4-2666mhz-cl19-1-2v-xlinne
2026-07-01,ram,1049014,Memória Ram Bringit Para Notebook 8GB Ddr4 3200mhz,0.0,508.0,508.0,0,0,0,True,BRINGIT,Hardware/Memória RAM/DDR 4/3200MHz,Sem Garantia,False,https://www.kabum.com.br/produto/1049014/memoria-ram-bringit-para-notebook-8gb-ddr4-3200mhz
2026-07-01,ram,1042716,Memoria Ram Desk 32gb Ld4au032g-b3200gsst Lexar,0.0,2078.7,2078.7,0,0,0,True,Lexar,Hardware/Memória RAM/DDR 4/3200MHz,Sem Garantia,False,https://www.kabum.com.br/produto/1042716/memoria-ram-desk-32gb-ld4au032g-b3200gsst-lexar
2026-07-01,ram,1050162,Memoria Ddr3 8GB 1600mhz Aitek,0.0,248.74,248.74,0,0,0,True,Aitek,Hardware/Memória RAM/DDR 3/1600 Mhz PC12800,Sem Garantia,False,https://www.kabum.com.br/produto/1050162/memoria-ddr3-8gb-1600mhz-aitek
2026-07-01,ram,883388,Memória Ram 8GB Para Macpro 2013 Torre,0.0,315.0,252.0,20,0,0,True,Outros,Hardware/Memória RAM/DDR 3/1866 Mhz PC15000,Sem Garantia,True,https://www.kabum.com.br/produto/883388/memoria-ram-8gb-para-macpro-2013-torre
2026-07-01,ram,883359,Memória Ram 16gb Para Hp Bl460c  Bl660c  Dl360p  Dl380p Gen8,0.0,499.0,399.2,20,0,0,True,Outros,Hardware/Memória RAM/DDR 3,Sem Garantia,True,https://www.kabum.com.br/produto/883359/memoria-ram-16gb-para-hp-bl460c-bl660c-dl360p-dl380p-gen8
2026-07-01,ram,883361,Memória Ram 8GB Para Hp Bl460c  Bl660c  Dl360p  Dl380p Gen8,0.0,315.0,252.0,20,0,0,True,Outros,Hardware/Memória RAM/DDR 3,Sem Garantia,True,https://www.kabum.com.br/produto/883361/memoria-ram-8gb-para-hp-bl460c-bl660c-dl360p-dl380p-gen8
2026-07-01,ram,883354,Memória Ram 16gb Para Hp  Dl160 Gen8,0.0,499.0,399.2,20,0,0,True,Outros,Hardware/Memória RAM/DDR 3,Sem Garantia,True,https://www.kabum.com.br/produto/883354/memoria-ram-16gb-para-hp-dl160-gen8
2026-07-01,ram,883380,Memória Ram 16gb Ddr4 Ecc Dell Precision T5810 T7810 T7910,0.0,990.0,990.0,0,0,0,True,Outros,Hardware/Memória RAM/DDR 4,Sem Garantia,True,https://www.kabum.com.br/produto/883380/memoria-ram-16gb-ddr4-ecc-dell-precision-t5810-t7810-t7910
2026-07-01,ram,883367,Memória Ram 8GB 2400 Mhz Ecc Registrada Para Hpe Proliant,0.0,739.0,739.0,0,0,0,True,Outros,Hardware/Memória RAM/DDR 4/2400MHz,Sem Garantia,True,https://www.kabum.com.br/produto/883367/memoria-ram-8gb-2400-mhz-ecc-registrada-para-hpe-proliant
2026-07-01,ram,883356,Memória Ram 8GB Dell Poweredge  C6220 Ii C6220 C8000 C8220,0.0,315.0,252.0,20,0,0,True,Outros,Hardware/Memória RAM/DDR 3,Sem Garantia,True,https://www.kabum.com.br/produto/883356/memoria-ram-8gb-dell-poweredge-c6220-ii-c6220-c8000-c8220
2026-07-01,ram,886387,Memória Ram 8GB Ddr4 PC4 3200aa-r 25600  Lenovo Thinksystem,0.0,889.0,711.2,20,0,0,True,Outros,Hardware/Memória RAM/DDR 4/3200MHz,Sem Garantia,True,https://www.kabum.com.br/produto/886387/memoria-ram-8gb-ddr4-pc4-3200aa-r-25600-lenovo-thinksystem
2026-07-01,ram,886382,Memória Ram 8GB Dell Poweredge R450 R550 R650 R750 T440 T640,0.0,889.0,711.2,20,0,0,True,Outros,Hardware/Memória RAM/DDR 4/3200MHz,Sem Garantia,True,https://www.kabum.com.br/produto/886382/memoria-ram-8gb-dell-poweredge-r450-r550-r650-r750-t440-t640
2026-07-01,ram,886379,Memória Ram 8GB Ddr4 3200aa-r 25600 Registrada Hp Proliant,0.0,889.0,711.2,20,0,0,True,Outros,Hardware/Memória RAM/DDR 4/3200MHz,Sem Garantia,True,https://www.kabum.com.br/produto/886379/memoria-ram-8gb-ddr4-3200aa-r-25600-registrada-hp-proliant
2026-07-01,ram,883382,Memória Ram 8GB Ddr4 Ecc Dell Poweredge T430 - T440 - T630,0.0,739.0,739.0,0,0,0,True,Outros,Hardware/Memória RAM/DDR 4,Sem Garantia,True,https://www.kabum.com.br/produto/883382/memoria-ram-8gb-ddr4-ecc-dell-poweredge-t430-t440-t630
2026-07-01,ram,886375,Memória Ram 8GB Ddr4 PC4 3200aa-r 25600 Dell Poweredge,0.0,889.0,711.2,20,0,0,True,Outros,Hardware/Memória RAM/DDR 4/3200MHz,Sem Garantia,True,https://www.kabum.com.br/produto/886375/memoria-ram-8gb-ddr4-pc4-3200aa-r-25600-dell-poweredge
2026-07-01,ram,886386,Memória Ram 16gb Proliant Bl460c Bl660c Gen9,0.0,989.0,989.0,0,0,0,True,Outros,Hardware/Memória RAM/DDR 4/3200MHz,Sem Garantia,True,https://www.kabum.com.br/produto/886386/memoria-ram-16gb-proliant-bl460c-bl660c-gen9
2026-07-01,ram,885793,Memória Ram 8GB Para Dell Poweredge T310,0.0,349.0,279.2,20,0,0,True,Outros,Hardware/Memória RAM/DDR 3/1066 Mhz PC8500,Sem Garantia,True,https://www.kabum.com.br/produto/885793/memoria-ram-8gb-para-dell-poweredge-t310
2026-07-01,ram,886373,Memória Ram 8GB Proliant Dl360 Dl380 Dx360 Dl580 Ml110 Gen10,0.0,889.0,711.2,20,0,0,True,Outros,Hardware/Memória RAM/DDR 4/3200MHz,Sem Garantia,True,https://www.kabum.com.br/produto/886373/memoria-ram-8gb-proliant-dl360-dl380-dx360-dl580-ml110-gen10
2026-07-01,ram,883352,Memória Ram 8GB Dell Poweredge R410 R510 R610 R710 R810 910,0.0,315.0,252.0,20,0,0,True,Outros,Hardware/Memória RAM/DDR 3,Sem Garantia,True,https://www.kabum.com.br/produto/883352/memoria-ram-8gb-dell-poweredge-r410-r510-r610-r710-r810-910
2026-07-01,ram,883360,Memória Ram 8GB Dell Poweredge R420 R520 R620 R720 R820 920,0.0,315.0,252.0,20,0,0,True,Outros,Hardware/Memória RAM/DDR 3,Sem Garantia,True,https://www.kabum.com.br/produto/883360/memoria-ram-8gb-dell-poweredge-r420-r520-r620-r720-r820-920
2026-07-01,ram,883384,Memória Ram 8GB Para Ibm 3550 E 3650 M4,0.0,315.0,252.0,20,0,0,True,Outros,Hardware/Memória RAM/DDR 3/1866 Mhz PC15000,Sem Garantia,True,https://www.kabum.com.br/produto/883384/memoria-ram-8gb-para-ibm-3550-e-3650-m4
2026-07-01,ram,886391,Memória Ram 8GB 3200aa-r 25600  Dell Precision Workstation,0.0,889.0,711.2,20,0,0,True,Outros,Hardware/Memória RAM/DDR 4/3200MHz,Sem Garantia,True,https://www.kabum.com.br/produto/886391/memoria-ram-8gb-3200aa-r-25600-dell-precision-workstation
2026-07-01,ram,532560,"Memória Dale7, 4GB, 1333Mhz, DDR3L, Desktop 1.35v",0.0,106.89,106.89,0,0,0,True,Outros,Hardware/Memória RAM/DDR 3,Sem Garantia,False,https://www.kabum.com.br/produto/532560/memoria-dale7-4gb-1333mhz-ddr3l-desktop-1-35v
2026-07-01,ram,533340,"Memória Gamer Dale7 No Limits, 4GB, 1600Mhz, DDR3, Desktop, Vermelho",0.0,111.89,111.89,0,0,0,True,Outros,Hardware/Memória RAM/DDR 3,Sem Garantia,False,https://www.kabum.com.br/produto/533340/memoria-gamer-dale7-no-limits-4gb-1600mhz-ddr3-desktop-vermelho
2026-07-01,ram,1052090,Memória Kingston 8GB Ddr5 5600mhz Udimm,0.0,1499.0,1499.0,0,0,0,True,Kingston,Hardware/Memória RAM/DDR 4/3200MHz,Sem Garantia,False,https://www.kabum.com.br/produto/1052090/memoria-kingston-8gb-ddr5-5600mhz-udimm
2026-07-01,ram,995532,Memória Gamer PC Computador Kingston Fury Beast 32gb 3200mhz Ddr4 RGB,0.0,4299.0,4127.04,4,0,0,True,Kingston,Hardware/Memória RAM/DDR 4,Sem Garantia,True,https://www.kabum.com.br/produto/995532/memoria-gamer-pc-computador-kingston-fury-beast-32gb-3200mhz-ddr4-rgb
2026-07-01,ram,995531,Memória Gamer PC Computador Kingston Fury Beast 16gb 3200mhz Ddr4 RGB,0.0,2299.99,2207.99,4,0,0,True,Kingston,Hardware/Memória RAM/DDR 4,Sem Garantia,True,https://www.kabum.com.br/produto/995531/memoria-gamer-pc-computador-kingston-fury-beast-16gb-3200mhz-ddr4-rgb
2026-07-01,ram,1029910,"Memória Adata Premier, 16gb, 3200mhz, Ddr4 - Ad4s320016g22 Sgn 5271",0.0,1149.99,1149.99,0,0,0,True,Adata,Hardware/Memória RAM/DDR 4/3200MHz,Sem Garantia,False,https://www.kabum.com.br/produto/1029910/memoria-adata-premier-16gb-3200mhz-ddr4-ad4s320016g22-sgn-5271
2026-07-01,ram,1033888,Memória Ram Xpg 16gb Ddr4 3200mhz RGB D35g,0.0,1199.0,1199.0,0,0,0,True,XPG,Hardware/Memória RAM/DDR 4/3200MHz,Sem Garantia,False,https://www.kabum.com.br/produto/1033888/memoria-ram-xpg-16gb-ddr4-3200mhz-rgb-d35g
2026-07-01,ram,950948,"Memória Para Notebook Gamer Kingston Fury Impact, 32gb, Ddr4, 3200mhz, Cl20 - Kf432s20ib/32",0.0,2769.23,2630.77,5,0,0,True,Kingston,Hardware/Memória RAM/DDR 4,Sem Garantia,False,https://www.kabum.com.br/produto/950948/memoria-para-notebook-gamer-kingston-fury-impact-32gb-ddr4-3200mhz-cl20-kf432s20ib-32
2026-07-01,ram,878643,Memória Ram 8GB Ecc Poweredge R430 R530 R630 R730 R830 R930,0.0,639.0,639.0,0,0,0,True,Outros,Hardware/Memória RAM/DDR 4/2133MHz,Sem Garantia,True,https://www.kabum.com.br/produto/878643/memoria-ram-8gb-ecc-poweredge-r430-r530-r630-r730-r830-r930
2026-07-01,ram,878679,Memória Ram 16gb Ddr4 Ecc Hp Proliant Bl460c - Bl660c - Gen9,0.0,859.0,859.0,0,0,0,True,Outros,Hardware/Memória RAM/DDR 4/2133MHz,Sem Garantia,True,https://www.kabum.com.br/produto/878679/memoria-ram-16gb-ddr4-ecc-hp-proliant-bl460c-bl660c-gen9
2026-07-01,ram,878644,Memória Ram 16gb Ecc Poweredge R430 R530 R630 R730 R830 R930,0.0,859.0,859.0,0,0,0,True,Outros,Hardware/Memória RAM/DDR 4/2133MHz,Sem Garantia,True,https://www.kabum.com.br/produto/878644/memoria-ram-16gb-ecc-poweredge-r430-r530-r630-r730-r830-r930
2026-07-01,ram,878693,Memória Ram 16gb Ddr4 System X - Thinkserver - Thinkstation,0.0,859.0,859.0,0,0,0,True,Outros,Hardware/Memória RAM/DDR 4/2133MHz,Sem Garantia,True,https://www.kabum.com.br/produto/878693/memoria-ram-16gb-ddr4-system-x-thinkserver-thinkstation
2026-07-01,ram,879848,Memória 8GB Ddr3 1333mhz Bluecase - Para Notebook,0.0,148.56,148.56,0,0,0,True,Bluecase,Hardware/Memória RAM/DDR 3,Sem Garantia,False,https://www.kabum.com.br/produto/879848/memoria-8gb-ddr3-1333mhz-bluecase-para-notebook
2026-07-01,ram,878649,"Memória Ram 8GB Dell Poweredge R440, 540 640 740 840 940",0.0,799.0,799.0,0,0,0,True,Outros,Hardware/Memória RAM/DDR 4,Sem Garantia,True,https://www.kabum.com.br/produto/878649/memoria-ram-8gb-dell-poweredge-r440-540-640-740-840-940
2026-07-01,ram,878662,Memória Ram 8GB Ddr4 Ecc Hp Proliant Dl560 E Dl 580 Gen9,0.0,799.0,799.0,0,0,0,True,Outros,Hardware/Memória RAM/DDR 4/2666MHz,Sem Garantia,True,https://www.kabum.com.br/produto/878662/memoria-ram-8gb-ddr4-ecc-hp-proliant-dl560-e-dl-580-gen9
2026-07-01,ram,877822,"Memória Ram 8GB Ecc Registrada Para Servidores Dell, Hpe E Lenovo",0.0,799.0,799.0,0,0,0,True,Outros,Hardware/Memória RAM/DDR 3,Sem Garantia,True,https://www.kabum.com.br/produto/877822/memoria-ram-8gb-ecc-registrada-para-servidores-dell-hpe-e-lenovo
2026-07-01,ram,404185,"Memória Corsair Venceance RS, RGB, 2x8GB, 3200MHz, DDR4 - CMG16GX4M2E3200C16",0.0,2258.76,2258.76,0,0,0,True,Corsair,Hardware/Memória RAM/DDR 4,Sem Garantia,False,https://www.kabum.com.br/produto/404185/memoria-corsair-venceance-rs-rgb-2x8gb-3200mhz-ddr4-cmg16gx4m2e3200c16
2026-07-01,ram,1038156,Memória 8GB Ddr3 1600 Mhz 1.5v Desktop Nyvo Essential Nesm16d3ud15/8,0.0,189.3,189.3,0,0,0,True,Outros,Hardware/Memória RAM/DDR 3/1600 Mhz PC12800,Sem Garantia,False,https://www.kabum.com.br/produto/1038156/memoria-8gb-ddr3-1600-mhz-1-5v-desktop-nyvo-essential-nesm16d3ud15-8
2026-07-01,ram,1038162,Memória 16gb Ddr4 3200 Mhz 1.2v Desktop Nyvo Nexus Gamer Nesm32d4ud12/16,0.0,938.3,938.3,0,0,0,True,Outros,Hardware/Memória RAM/DDR 4/3200MHz,Sem Garantia,False,https://www.kabum.com.br/produto/1038162/memoria-16gb-ddr4-3200-mhz-1-2v-desktop-nyvo-nexus-gamer-nesm32d4ud12-16
2026-07-01,ram,992433,Memória Para PC Crucial 32gb 5600mhz Ddr5 - Ct32g56c46u5 - 6962,0.0,3825.0,3825.0,0,0,0,True,Crucial,Hardware/Memória RAM/DDR 5/5600MHz,Sem Garantia,False,https://www.kabum.com.br/produto/992433/memoria-para-pc-crucial-32gb-5600mhz-ddr5-ct32g56c46u5-6962
2026-07-01,ram,998396,Mem 8GB Ddr3 Para Dell Latitude E6540 E5540 E7450 E7440 3570,0.0,399.0,391.02,2,0,0,True,Outros,Hardware/Memória RAM/DDR 3/1600 Mhz PC12800,Sem Garantia,True,https://www.kabum.com.br/produto/998396/mem-8gb-ddr3-para-dell-latitude-e6540-e5540-e7450-e7440-3570
2026-07-01,ram,986198,Mem 16gb Ddr4 Para Dell Latitude 13 (5300) 14 (3410) (5400),0.0,1499.0,1424.05,5,0,0,True,Outros,Hardware/Memória RAM/DDR 4/2666MHz,Sem Garantia,True,https://www.kabum.com.br/produto/986198/mem-16gb-ddr4-para-dell-latitude-13-5300-14-3410-5400-
2026-07-01,ram,996056,Memoria 32gb Ddr4 Lenovo Think Sr650 Sr670 Sr850,0.0,2399.0,2375.01,1,0,0,True,Outros,Hardware/Memória RAM/DDR 4/2666MHz,Sem Garantia,True,https://www.kabum.com.br/produto/996056/memoria-32gb-ddr4-para-dell-r440-r640-r840-r940-r740xd
2026-07-01,ram,1003861,Memoria 16gb Ddr4 Dell T430 T630 R430 R530 R630 R730,0.0,1499.0,1484.01,1,0,0,True,Outros,Hardware/Memória RAM/DDR 4/2400MHz,Sem Garantia,True,https://www.kabum.com.br/produto/1003861/memoria-16gb-ddr4-dell-t430-t630-r430-r530-r630-r730
2026-07-01,ram,1004511,Memoria 16gb Ddr4 Ecc Rdimm Para Hp Dl380 Dl388 Dl180 Dl360 G9,0.0,1499.0,1484.01,1,0,0,True,Outros,Hardware/Memória RAM/DDR 4/2400MHz,Sem Garantia,True,https://www.kabum.com.br/produto/1004511/memoria-16gb-ddr4-ecc-rdimm-para-hp-dl380-dl388-dl180-dl360-g9
2026-07-01,ram,990134,Memoria 32gb Ddr4 Para Hp Proliant Ml110 Ml150 Ml350 G9 G10,0.0,2399.0,2279.05,5,0,0,True,Outros,Hardware/Memória RAM/DDR 4/2400MHz,Sem Garantia,True,https://www.kabum.com.br/produto/990134/memoria-32gb-ddr4-para-hp-proliant-ml110-ml150-ml350-g9-g10
2026-07-01,ram,1021917,Mem 8GB Ddr3 Para Dell Inspirion 14 5458 5459 5452 5447 5451,0.0,399.0,399.0,0,0,0,True,Outros,Hardware/Memória RAM/DDR 3,Sem Garantia,False,https://www.kabum.com.br/produto/1021917/mem-8gb-ddr3-para-dell-inspirion-14-5458-5459-5452-5447-5451
2026-07-01,ram,1023232,Mem 8GB Ddr3 Para Dell Latitude 5000 E5440 E5549 E6440 E6540,0.0,399.0,399.0,0,0,0,True,Outros,Hardware/Memória RAM/DDR 3/1600 Mhz PC12800,Sem Garantia,True,https://www.kabum.com.br/produto/1023232/mem-8gb-ddr3-para-dell-latitude-5000-e5440-e5549-e6440-e6540
2026-07-01,ram,984869,Memoria 8GB Ddr3 Para Dell Inspiron 3647 3847,0.0,399.0,379.05,5,0,0,True,Outros,Hardware/Memória RAM/DDR 3/1600 Mhz PC12800,Sem Garantia,True,https://www.kabum.com.br/produto/984869/memoria-8gb-ddr3-para-dell-inspiron-3647-3847
2026-07-01,ram,985049,Memoria 8GB Ddr3 Para Dell Optiplex 7020 790 Ultra,0.0,399.0,379.05,5,0,0,True,Outros,Hardware/Memória RAM/DDR 3,Sem Garantia,True,https://www.kabum.com.br/produto/985049/memoria-8gb-ddr3-para-dell-optiplex-7020-790-ultra
2026-07-01,ram,1026644,Memoria 8GB Ddr4 Para Asus Mobile Asuspro Vivobook Xserie,0.0,859.0,859.0,0,0,0,True,ASUS,Hardware/Memória RAM/DDR 4/2666MHz,Sem Garantia,False,https://www.kabum.com.br/produto/1026644/memoria-8gb-ddr4-para-asus-mobile-asuspro-vivobook-xserie
2026-07-01,ram,1026624,Memoria 8GB Ddr4 Para Dell Inspiron 3521 3525 3530 3565 3567,0.0,849.0,849.0,0,0,0,True,Dell,Hardware/Memória RAM/DDR 4/2666MHz,Sem Garantia,False,https://www.kabum.com.br/produto/1026624/memoria-8gb-ddr4-para-dell-inspiron-3521-3525-3530-3565-3567
2026-07-01,ram,999407,Memória 32gb Ddr4 (2x16gb) Para Dell G15 5510 5511 5515 5520,0.0,3599.0,3563.01,1,0,0,True,Outros,Hardware/Memória RAM/DDR 4/3200MHz,Sem Garantia,True,https://www.kabum.com.br/produto/999407/memoria-32gb-ddr4-2x16gb-para-dell-g15-5510-5511-5515-5520
2026-07-01,ram,1006332,Memoria 16gb Ddr4 Para Dell Optiplex 5080 5090 7080 7090 Tower Sff,0.0,1599.0,1599.0,0,0,0,True,Outros,Hardware/Memória RAM/DDR 4/3200MHz,Sem Garantia,True,https://www.kabum.com.br/produto/1006332/memoria-16gb-ddr4-para-dell-optiplex-5080-5090-7080-7090-tower-sff
2026-07-01,ram,1012369,Memoria 16gb Ddr4 Lenovo Ideapad L340 15 L340 17 Gaming,0.0,1499.0,1499.0,0,0,0,True,Outros,Hardware/Memória RAM/DDR 4/3200MHz,Sem Garantia,True,https://www.kabum.com.br/produto/1012369/memoria-16gb-ddr4-lenovo-ideapad-l340-15-l340-17-gaming
2026-07-01,ram,1015355,Mem 8GB Ddr4 Para Lenovo V540 24iwl Aio/ Yoga A940 Aio,0.0,859.0,859.0,0,0,0,True,Outros,Hardware/Memória RAM/DDR 4/2666MHz,Sem Garantia,False,https://www.kabum.com.br/produto/1015355/mem-16gb-ddr5-para-dell-alienware-m15-r7-m16-r1-m17-r5
2026-07-01,ram,1006891,Memoria 16gb Ddr4 Acer Predator Helios 300 H315 H317,0.0,1499.0,1499.0,0,0,0,True,Outros,Hardware/Memória RAM/DDR 4/2666MHz,Sem Garantia,True,https://www.kabum.com.br/produto/1006891/memoria-16gb-ddr4-acer-predator-helios-300-h315-h317
2026-07-01,ram,1000586,Memoria 16gb Ddr4 Para Dell Inspiron 3471 3470 5680 3880 5675,0.0,1599.0,1583.01,1,0,0,True,Outros,Hardware/Memória RAM/DDR 4/2666MHz,Sem Garantia,True,https://www.kabum.com.br/produto/1000586/memoria-16gb-ddr4-para-dell-inspiron-3471-3470-5680-3880-5675
2026-07-01,ram,1005558,Memoria 16gb Hp Proliant Bl420c Bl460c Bl465c G6 G7 G8,0.0,699.0,699.0,0,0,0,True,Outros,Hardware/Memória RAM/DDR 3/1600 Mhz PC12800,Sem Garantia,True,https://www.kabum.com.br/produto/1005558/memoria-16gb-hp-proliant-bl420c-bl460c-bl465c-g6-g7-g8
2026-07-01,ram,997568,Memoria 8GB Ddr4 Para Dell Inspiron  3520 5494 5498 5491,0.0,849.0,806.55,5,0,0,True,Outros,Hardware/Memória RAM/DDR 4/2666MHz,Sem Garantia,True,https://www.kabum.com.br/produto/997568/memoria-8gb-ddr4-para-dell-inspiron-3520-5494-5498-5491
2026-07-01,ram,996162,Memoria 32gb Ddr4 2666mhz Rdimm Para Dell R440 R540 R640 R740 R840 R940 T440 T640 M640,0.0,2399.0,2279.05,5,0,0,True,Outros,Hardware/Memória RAM/DDR 4/2666MHz,Sem Garantia,True,https://www.kabum.com.br/produto/996162/memoria-32gb-ddr4-para-lenovo-sr850-sr860-sr950-st550-st650
2026-07-01,ram,1006475,Memoria Dell Precision T5810 T7810 16gb Ecc Reg,0.0,1499.0,1499.0,0,0,0,True,Outros,Hardware/Memória RAM/DDR 4/2666MHz,Sem Garantia,True,https://www.kabum.com.br/produto/1006475/memoria-dell-precision-t5810-t7810-16gb-ecc-reg
2026-07-01,ram,1006395,Memoria 16gb Ddr4 Lenovo Thinkcentre M700 M800 M900 Sff,0.0,1599.0,1599.0,0,0,0,True,Outros,Hardware/Memória RAM/DDR 4/2666MHz,Sem Garantia,True,https://www.kabum.com.br/produto/1006395/memoria-16gb-ddr4-lenovo-thinkcentre-m700-m800-m900-sff
2026-07-01,ram,997919,Memoria 8GB Ddr4 Para Dell Inspiron 3490 3493 5480 5482 5490,0.0,643.26,611.1,5,0,0,True,Outros,Hardware/Memória RAM/DDR 4/2666MHz,Sem Garantia,False,https://www.kabum.com.br/produto/997919/memoria-8gb-ddr4-para-dell-inspiron-3490-3493-5480-5482-5490
2026-07-01,ram,997921,Mem 8GB Para Acer Aspire5 A514-51 A515-52 A515 A517 A715-71g,0.0,849.0,832.02,2,0,0,True,Outros,Hardware/Memória RAM/DDR 4/2400MHz,Sem Garantia,True,https://www.kabum.com.br/produto/997921/mem-8gb-para-acer-aspire5-a514-51-a515-52-a515-a517-a715-71g
2026-07-01,ram,995782,Memoria 16gb Ddr4 Para Dell Inspiron 5580 7580 7586 7591,0.0,1499.0,1424.05,5,0,0,True,Outros,Hardware/Memória RAM/DDR 4/2666MHz,Sem Garantia,True,https://www.kabum.com.br/produto/995782/memoria-16gb-ddr4-para-dell-inspiron-5580-7580-7586-7591
2026-07-01,ram,991985,Memoria 8GB Ddr4 Para Dell Vostro 3267 3268 3660 3667 3668 3669,0.0,899.0,854.05,5,0,0,True,Outros,Hardware/Memória RAM/DDR 4/2666MHz,Sem Garantia,True,https://www.kabum.com.br/produto/991985/mem-8gb-ddr4-para-dell-vostro-3267-3268-3660-3667-3668-3669
2026-07-01,ram,988957,Mem 16gb Ddr4 Para Dell G15 5510 G15 5511 G15 5515 G15 5520,0.0,1499.0,1424.05,5,0,0,True,Outros,Hardware/Memória RAM/DDR 4/3200MHz,Sem Garantia,True,https://www.kabum.com.br/produto/988957/mem-8gb-ddr4-para-dell-inspiron-24-5000-5401-5477-5490-5491
2026-07-01,ram,597382,Memória Ram Desktop 8GB 1600mhz Ddr3 Dimm 1.5v - Envinda,0.0,417.99,417.99,0,0,0,True,Outros,Hardware/Memória RAM/DDR 3,Sem Garantia,False,https://www.kabum.com.br/produto/597382/memoria-ram-desktop-8gb-1600mhz-ddr3-dimm-1-5v-envinda
2026-07-01,ram,714274,Memoria Ram Desktop Ddr3 8GB 1600mhz Udimm - Goldentec,0.0,169.95,169.95,0,0,0,True,Goldentec,Hardware/Memória RAM/DDR 3/1600 Mhz PC12800,Sem Garantia,False,https://www.kabum.com.br/produto/714274/memoria-ram-desktop-ddr3-8gb-1600mhz-udimm-goldentec
2026-07-01,ram,649902,Memória Ddr3l 8GB 1600mhz Crucial P/ Notebook Ct102464bf160b,0.0,329.89,329.89,0,0,0,True,Crucial,Hardware/Memória RAM/DDR 3,Sem Garantia,False,https://www.kabum.com.br/produto/649902/memoria-ddr3l-8gb-1600mhz-crucial-p-notebook-ct102464bf160b
2026-07-01,ram,1015490,Memoria Macrovip Note 8GB Ddr5 4800mhz Mv48s40/8,0.0,1099.0,1099.0,0,0,0,True,MACROVIP,Hardware/Memória RAM/DDR 5/4800MHz,Sem Garantia,False,https://www.kabum.com.br/produto/1015490/memoria-macrovip-note-8gb-ddr5-4800mhz-mv48s40-8
2026-07-01,ram,1027856,Memória Desktop Ddr4 16gb Kingston 2666mhz Kvr26n19s8/16,0.0,919.9,919.9,0,0,0,True,Kingston,Hardware/Memória RAM/DDR 4/2666MHz,Sem Garantia,False,https://www.kabum.com.br/produto/1027856/memoria-desktop-ddr4-16gb-kingston-2666mhz-kvr26n19s8-16
2026-07-01,ram,1027840,Memória Ddr3 8GB 1600mhz Desktop Bluecase Bml3d16m15v11/8g,0.0,269.0,269.0,0,0,0,True,Bluecase,Hardware/Memória RAM/DDR 3/1600 Mhz PC12800,Sem Garantia,False,https://www.kabum.com.br/produto/1027840/memoria-ddr3-8gb-1600mhz-desktop-bluecase-bml3d16m15v11-8g
2026-07-01,ram,1045780,Memória Ddr4 Adata Premier 16gb 3200mhz Cl22 Para PC Desktop,0.0,1079.0,1079.0,0,0,0,True,Adata,Hardware/Memória RAM/DDR 4/3200MHz,Sem Garantia,False,https://www.kabum.com.br/produto/1045780/memoria-ddr4-adata-premier-16gb-3200mhz-cl22-para-pc-desktop
2026-07-01,ram,1042844,Memória Ram Para PC Macrovip Ddr4 4gb 3200mhz – Mv32n22/4,0.0,229.9,229.9,0,0,0,True,MACROVIP,Hardware/Memória RAM/DDR 4/3200MHz,Sem Garantia,False,https://www.kabum.com.br/produto/1042844/memoria-ram-para-pc-macrovip-ddr4-4gb-3200mhz-mv32n22-4
2026-07-01,ram,1007306,Memoria 8GB Ddr4 3200mhz Lexar Ld4u08g32c22st-bgs,0.0,718.87,589.47,18,0,0,True,Lexar,Hardware/Memória RAM/DDR 4/3200MHz,Sem Garantia,True,https://www.kabum.com.br/produto/1007306/memoria-8gb-ddr4-3200mhz-lexar-ld4u08g32c22st-bgs
2026-07-01,ram,1008329,6908323654822 - Memoria Ddr4 Gmog 8GB 3200mhz Preto Gmog8GB3200,0.0,673.53,673.53,0,0,0,True,Outros,Hardware/Memória RAM/DDR 4/3200MHz,Sem Garantia,False,https://www.kabum.com.br/produto/1008329/6908323654822-memoria-ddr4-gmog-8gb-3200mhz-preto-gmog8gb3200
2026-07-01,ram,886370,Memória Ram 8GB Ddr3 1600mhz 12800r Para System X,0.0,315.0,315.0,0,0,0,True,Outros,Hardware/Memória RAM/DDR 3/1600 Mhz PC12800,Sem Garantia,True,https://www.kabum.com.br/produto/886370/memoria-ram-8gb-ddr3-1600mhz-12800r-para-system-x
2026-07-01,ram,886369,Memória Ram 8GB Ddr3 Dell Poweredge R410 R510 R610 R710,0.0,315.0,315.0,0,0,0,True,Outros,Hardware/Memória RAM/DDR 3/1600 Mhz PC12800,Sem Garantia,True,https://www.kabum.com.br/produto/886369/memoria-ram-8gb-ddr3-dell-poweredge-r410-r510-r610-r710
2026-07-01,ram,886368,Memória Ram 8GB Ddr3 Dell Poweredge R415 R515 R715 R815,0.0,315.0,315.0,0,0,0,True,Outros,Hardware/Memória RAM/DDR 3/1600 Mhz PC12800,Sem Garantia,True,https://www.kabum.com.br/produto/886368/memoria-ram-8gb-ddr3-dell-poweredge-r415-r515-r715-r815
2026-07-01,ram,952221,Memória Ram  8GB Ddr4 Udimm Ecc - Lenovo Thinkserver Ts150,0.0,1259.0,1259.0,0,0,0,True,Outros,Hardware/Memória RAM/DDR 4/2400MHz,Sem Garantia,True,https://www.kabum.com.br/produto/952221/memoria-ram-8gb-ddr4-udimm-ecc-lenovo-thinkserver-ts150
2026-07-01,ram,952223,Memória Ram  8GB Ddr4 Udimm Ecc - Lenovo Thinkserver,0.0,1259.0,1259.0,0,0,0,True,Outros,Hardware/Memória RAM/DDR 4/2400MHz,Sem Garantia,True,https://www.kabum.com.br/produto/952223/memoria-ram-8gb-ddr4-udimm-ecc-lenovo-thinkserver
2026-07-01,ram,444051,"Memória Kingston 4GB, 1600mhz, Ddr3, P/ Notebook",0.0,229.01,229.01,0,0,0,True,Kingston,Hardware/Memória RAM/DDR 3/1600 Mhz PC12800,Sem Garantia,False,https://www.kabum.com.br/produto/444051/memoria-kingston-4gb-1600mhz-ddr3-p-notebook
2026-07-01,ram,1024935,Memória Corsair Vengeance For Amd 32gb Ddr5 5200mhz Cl40 Cmk32gx5m1b5200z40,0.0,3668.22,3668.22,0,0,0,True,Corsair,Hardware/Memória RAM/DDR 5/5200MHz,Sem Garantia,False,https://www.kabum.com.br/produto/1024935/memoria-corsair-vengeance-for-amd-32gb-ddr5-5200mhz-cl40-cmk32gx5m1b5200z40
2026-07-01,ram,986379,Memoria 16gb Ddr4 3200mhz Hiksemi Para Notebook,0.0,1059.48,1059.48,0,0,0,True,Hiksemi,Hardware/Memória RAM/DDR 4,Sem Garantia,False,https://www.kabum.com.br/produto/986379/memoria-16gb-ddr4-3200mhz-hiksemi-para-notebook
2026-07-01,ram,1040356,Memória Notebook 8GB Ddr3 1600mhz Ceamere,0.0,148.33,148.33,0,0,0,True,Ceamere,Hardware/Memória RAM/DDR 3/1600 Mhz PC12800,Sem Garantia,False,https://www.kabum.com.br/produto/1040356/memoria-notebook-8gb-ddr3-1600mhz-ceamere
2026-07-01,ram,908996,Memória Rise Mode Aura 16GB DDR4 3200MHZ ARGB - RM-D4AB-16G-3200ARGB,0.0,1091.74,938.9,14,0,0,True,Rise Mode,Hardware/Memória RAM/DDR 4,Sem Garantia,False,https://www.kabum.com.br/produto/908996/memoria-rise-mode-aura-16gb-ddr4-3200mhz-argb-rm-d4ab-16g-3200argb
2026-07-01,ram,912320,Mem Desk Ddr5  8GB 5600mhz Keepdata Kd56n46/8g,0.0,885.11,885.11,0,0,0,True,Outros,Hardware/Memória RAM/DDR 5,Sem Garantia,False,https://www.kabum.com.br/produto/912320/mem-desk-ddr5-8gb-5600mhz-keepdata-kd56n46-8g
2026-07-01,ram,1053600,"Memória Para Notebook 8GB Keepdata, Ddr5, 4800mhz, Cl40 - Kd48s40/8g",0.0,1261.52,1198.44,5,0,0,True,KEEPDATA,Hardware/Memória RAM/DDR 5/4800MHz,Sem Garantia,False,https://www.kabum.com.br/produto/1053600/memoria-para-notebook-8gb-keepdata-ddr5-4800mhz-cl40-kd48s40-8g
2026-07-01,ram,1053603,"Memória 8GB Adata, Ddr5, 5600mhz - Ad5u56008g-s",0.0,1415.37,1344.6,5,0,0,True,Adata,Hardware/Memória RAM/DDR 5/5600MHz,Sem Garantia,False,https://www.kabum.com.br/produto/1053603/memoria-8gb-adata-ddr5-5600mhz-ad5u56008g-s
2026-07-01,ram,1053602,"Memória Para Notebook 8GB Keepdata, Ddr5, 5600mhz - Kd56s46/8g",0.0,1415.37,1344.6,5,0,0,True,KEEPDATA,Hardware/Memória RAM/DDR 5/5600MHz,Sem Garantia,False,https://www.kabum.com.br/produto/1053602/memoria-para-notebook-8gb-keepdata-ddr5-5600mhz-kd56s46-8g
2026-07-01,ram,1053623,"Memória Para Notebook 16gb Kingston, Ddr4, 2400mhz, Cl17 - Kvr24s17d8/16",0.0,907.62,862.24,5,0,0,True,Kingston,Hardware/Memória RAM/DDR 4/2400MHz,Sem Garantia,False,https://www.kabum.com.br/produto/1053623/memoria-para-notebook-16gb-kingston-ddr4-2400mhz-cl17-kvr24s17d8-16
2026-07-01,ram,506527,"Memória Servidor Kingston, 64GB, 2666MHZ, DDR4, PC4, ECC, CL19, 288-PIN RDIMM, HYNIX - KSM26RD4/64HCR",0.0,4809.99,4328.99,10,0,0,True,Kingston,Hardware/Memória RAM/DDR 4,Sem Garantia,False,https://www.kabum.com.br/produto/506527/memoria-servidor-kingston-64gb-2666mhz-ddr4-pc4-ecc-cl19-288-pin-rdimm-hynix-ksm26rd4-64hcr
2026-07-01,ram,1009143,Memória 16gb Ddr5 5600mhz Hiksemi Armor - Cl46 - Hsc516u56d2,0.0,2789.99,2510.99,10,0,0,True,Outros,Hardware/Memória RAM/DDR 5/5600MHz,Sem Garantia,False,https://www.kabum.com.br/produto/1009143/memoria-16gb-ddr5-5600mhz-hiksemi-armor-cl46-hsc516u56d2
2026-07-01,ram,1041713,"Memória 16gb Easy Memory, Ddr4, 2666mhz",0.0,769.23,730.77,5,0,0,True,Eletronic Artssy Memory,Hardware/Memória RAM/DDR 4/2666MHz,Sem Garantia,False,https://www.kabum.com.br/produto/1041713/memoria-16gb-easy-memory-ddr4-2666mhz
2026-07-01,ram,1019527,"Memoria Ram 4gb Ddr4, 2133mhz, PC4-17000, 288-pin - Oem",0.0,235.79,207.5,12,0,0,True,OEM,Hardware/Memória RAM/DDR 4,Sem Garantia,False,https://www.kabum.com.br/produto/1019527/memoria-ram-4gb-ddr4-2133mhz-pc4-17000-288-pin-oem
2026-07-01,ram,1023720,"Memória Ram 8GB Ddr3, 1600mhz, PC3-12800, 240 Pinos - Oem",0.0,168.43,148.22,12,0,0,True,OEM,Hardware/Memória RAM/DDR 4/1600MHz,Sem Garantia,False,https://www.kabum.com.br/produto/1023720/memoria-ram-8gb-ddr3-1600mhz-pc3-12800-240-pinos-oem
2026-07-01,ram,779635,Memória Ram Para Lenovo Thinkagile 32gb Ddr4 2666mhz Ecc,0.0,1399.0,1399.0,0,0,0,True,Outros,Hardware/Memória RAM/DDR 4,Sem Garantia,True,https://www.kabum.com.br/produto/779635/memoria-ram-para-lenovo-thinkagile-32gb-ddr4-2666mhz-ecc
2026-07-01,ram,764901,Memória Ram Para Lenovo Thinksystem 32gb Ddr4 2666mhz Ecc,0.0,1399.0,1399.0,0,0,0,True,Outros,Hardware/Memória RAM/DDR 4,Sem Garantia,True,https://www.kabum.com.br/produto/764901/memoria-ram-para-lenovo-thinksystem-32gb-ddr4-2666mhz-ecc
2026-07-01,ram,764904,"Memória Ram 32gb Ddr4 hp Proliant D160,  dl180, Dl20 Gen9",0.0,1399.0,1399.0,0,0,0,True,Outros,Hardware/Memória RAM/DDR 4,Sem Garantia,True,https://www.kabum.com.br/produto/764904/memoria-ram-32gb-ddr4-hp-proliant-d160-dl180-dl20-gen9
2026-07-01,ram,886363,Memória Ram 16gb Ddr3 Dell Poweredge R320 R420 R520 R620 R720,0.0,452.0,452.0,0,0,0,True,Outros,Hardware/Memória RAM/DDR 3/1600 Mhz PC12800,Sem Garantia,True,https://www.kabum.com.br/produto/886363/memoria-ram-16gb-ddr3-dell-poweredge-r320-r420-r520-r620-r720
2026-07-01,ram,877821,Memória Ram Para Lenovo Thinkagile 16gb Ddr4 2666mhz Ecc,0.0,899.0,899.0,0,0,0,True,Outros,Hardware/Memória RAM/DDR 4/2666MHz,Sem Garantia,True,https://www.kabum.com.br/produto/877821/memoria-ram-para-lenovo-thinkagile-16gb-ddr4-2666mhz-ecc
2026-07-01,ram,877820,Memória Ram Para Lenovo Thinkagile 16gb Ddr4 2666mhz Ecc,0.0,899.0,899.0,0,0,0,True,Outros,Hardware/Memória RAM/DDR 4/2666MHz,Sem Garantia,True,https://www.kabum.com.br/produto/877820/memoria-ram-para-lenovo-thinkagile-16gb-ddr4-2666mhz-ecc
2026-07-01,ram,878671,"Memória Ram 16gb Ddr4 Hp Proliant D160, Dl180, Dl20 Gen9",0.0,899.0,899.0,0,0,0,True,Outros,Hardware/Memória RAM/DDR 4/2666MHz,Sem Garantia,True,https://www.kabum.com.br/produto/878671/memoria-ram-16gb-ddr4-hp-proliant-d160-dl180-dl20-gen9
2026-07-01,ram,886367,Memória Ram 16gb Ddr3 Dell Poweredge R410 R510 R610 R710,0.0,452.0,452.0,0,0,0,True,Outros,Hardware/Memória RAM/DDR 3/1600 Mhz PC12800,Sem Garantia,True,https://www.kabum.com.br/produto/886367/memoria-ram-16gb-ddr3-dell-poweredge-r410-r510-r610-r710
2026-07-01,ram,886352,Memória Ram 16gb Ddr3 1600mhz  Hp Proliant Ml350e Ml350p Gen8,0.0,452.0,452.0,0,0,0,True,Outros,Hardware/Memória RAM/DDR 3/1600 Mhz PC12800,Sem Garantia,True,https://www.kabum.com.br/produto/886352/memoria-ram-16gb-ddr3-1600mhz-hp-proliant-ml350e-ml350p-gen8
2026-07-01,ram,870651,Memória Ram Para Servidor Hp Proliant Dl120 G7 - 8GB Ecc.,0.0,599.0,599.0,0,0,0,True,Outros,Hardware/Memória RAM/DDR 3/1600 Mhz PC12800,Sem Garantia,True,https://www.kabum.com.br/produto/870651/memoria-ram-para-servidor-hp-proliant-dl120-g7-8gb-ecc
2026-07-01,ram,870650,Memória Ram Para Servidor Hp Proliant Dl380e Gen8 - 8GB Ecc.,0.0,599.0,599.0,0,0,0,True,Outros,Hardware/Memória RAM/DDR 3/1600 Mhz PC12800,Sem Garantia,True,https://www.kabum.com.br/produto/870650/memoria-ram-para-servidor-hp-proliant-dl380e-gen8-8gb-ecc
2026-07-01,ram,833966,Memória Ram Para Servidor Hp Microserver Gen8 - 8GB Ecc.,0.0,599.0,599.0,0,0,0,True,Outros,Hardware/Memória RAM/DDR 3,Sem Garantia,True,https://www.kabum.com.br/produto/833966/memoria-ram-para-servidor-hp-microserver-gen8-8gb-ecc
2026-07-01,ram,833964,Memória Ram Para Servidor Hp Proliant Ml10 - 8GB Ecc.,0.0,599.0,599.0,0,0,0,True,Outros,Hardware/Memória RAM/DDR 3,Sem Garantia,True,https://www.kabum.com.br/produto/833964/memoria-ram-para-servidor-hp-proliant-ml10-8gb-ecc
2026-07-01,ram,1037353,Memoria Para Notebook 32gb Ddr4 2666 Brazilpc Bpc2666d4scl,0.0,2501.2,2501.2,0,0,0,True,Outros,Hardware/Memória RAM/DDR 4/2666MHz,Sem Garantia,False,https://www.kabum.com.br/produto/1037353/memoria-para-notebook-32gb-ddr4-2666-brazilpc-bpc2666d4scl
2026-07-01,ram,676699,Memória Ram Notebook Oxybr Ddr5 32gb 4800mhz,0.0,3665.44,3665.44,0,0,0,True,OxyBr,Hardware/Memória RAM/DDR 5/5600MHz,Sem Garantia,False,https://www.kabum.com.br/produto/676699/memoria-ram-notebook-oxybr-ddr5-32gb-4800mhz
2026-07-01,ram,626360,Memória Ram PC Hawking Ddr5 32gb 5600mhz,0.0,6862.11,6175.9,10,0,0,True,Hawking,Hardware/Memória RAM/DDR 5/5600MHz,Sem Garantia,False,https://www.kabum.com.br/produto/626360/memoria-ram-pc-hawking-ddr5-32gb-5600mhz
2026-07-01,ram,1047962,Memória Ram Ddr4 2666mhz 16gb So-dimm Knup - Kp-hd854,0.0,999.99,949.99,5,0,0,True,Knup,Hardware/Memória RAM/DDR 4/2666MHz,Sem Garantia,False,https://www.kabum.com.br/produto/1047962/memoria-ram-ddr4-2666mhz-16gb-so-dimm-knup-kp-hd854
2026-07-01,ram,1007305,Memoria 16gb Ddr4 3200mhz Lexar Ld4u16g32c22st-bgs,0.0,1347.79,1105.19,18,0,0,True,Lexar,Hardware/Memória RAM/DDR 4/3200MHz,Sem Garantia,True,https://www.kabum.com.br/produto/1007305/memoria-16gb-ddr4-3200mhz-lexar-ld4u16g32c22st-bgs
2026-07-01,ram,922630,Memória Get Para Notebook Ddr4 16gb 3200mhz,0.0,1666.44,1666.44,0,0,0,True,GOLDENTEC ACESSORIOS,Hardware/Memória RAM/DDR 4/3200MHz,Sem Garantia,False,https://www.kabum.com.br/produto/922630/memoria-get-para-notebook-ddr4-16gb-3200mhz
2026-07-01,ram,886337,Memória Ram 16gb Ddr3 1333mhz 10600r Para Dell Precision,0.0,449.0,449.0,0,0,0,True,Outros,Hardware/Memória RAM/DDR 3/1333 Mhz PC10666,Sem Garantia,True,https://www.kabum.com.br/produto/886337/memoria-ram-16gb-ddr3-1333mhz-10600r-para-dell-precision
2026-07-01,ram,886333,Memória Ram 16gb Ddr3 Dell Poweredge R320 R420 R520 R620 R720,0.0,449.0,449.0,0,0,0,True,Outros,Hardware/Memória RAM/DDR 3/1333 Mhz PC10666,Sem Garantia,True,https://www.kabum.com.br/produto/886333/memoria-ram-16gb-ddr3-dell-poweredge-r320-r420-r520-r620-r720
2026-07-01,ram,940103,"Memória Para Notebook Get, Ddr4 8GB 3200mhz",0.0,1011.72,1011.72,0,0,0,True,GOLDENTEC ACESSORIOS,Hardware/Memória RAM/DDR 4/3200MHz,Sem Garantia,False,https://www.kabum.com.br/produto/940103/memoria-para-notebook-get-ddr4-8gb-3200mhz
2026-07-01,ram,952176,Memória Ram 8GB Ddr4 2133mhz Ecc Para Thinkserver Ts150,0.0,759.0,759.0,0,0,0,True,Outros,Hardware/Memória RAM/DDR 4/2133MHz,Sem Garantia,True,https://www.kabum.com.br/produto/952176/memoria-ram-8gb-ddr4-2133mhz-ecc-para-thinkserver-ts150
2026-07-01,ram,1006902,"Memoria Kingston 16gb (1x 16gb) Ddr5, 5600mhz, PC5-44800, Udimm, Cl46, 1.1v, 288-pin, - Kvr56u46bs8-16",0.0,2119.38,1865.05,12,0,0,True,Kingston,Hardware/Memória RAM/DDR 5/5600MHz,Sem Garantia,False,https://www.kabum.com.br/produto/1006902/memoria-kingston-16gb-1x-16gb-ddr5-5600mhz-pc5-44800-udimm-cl46-1-1v-288-pin-kvr56u46bs8-16
2026-07-01,ram,952174,Memória Ram 8GB Ecc - Precision Para Tower 3000 Series T3420,0.0,759.0,759.0,0,0,0,True,Outros,Hardware/Memória RAM/DDR 4/2133MHz,Sem Garantia,True,https://www.kabum.com.br/produto/952174/memoria-ram-8gb-ecc-precision-para-tower-3000-series-t3420
2026-07-01,ram,1013919,Memoria Notebook 8GB Ddr4 3200mhz Patriot Signature Psd48g320082s,0.0,679.89,611.9,10,0,0,True,Patriot,Hardware/Memória RAM/DDR 4/3200MHz,Sem Garantia,False,https://www.kabum.com.br/produto/1013919/memoria-notebook-8gb-ddr4-3200mhz-patriot-signature-psd48g320082s
2026-07-01,ram,533052,"Memória Dale7, 1GB, 533Mhz, DDR2, Desktop, 1.8v",0.0,63.89,63.89,0,0,0,True,Outros,Hardware/Memória RAM/DDR 2,Sem Garantia,False,https://www.kabum.com.br/produto/533052/memoria-dale7-1gb-533mhz-ddr2-desktop-1-8v
2026-07-01,ram,532715,"Memória Dale7, 16GB, 3200Mhz, DDR4, Notebook, 1.2v",0.0,689.89,689.89,0,0,0,True,Outros,Hardware/Memória RAM/DDR 4,Sem Garantia,False,https://www.kabum.com.br/produto/532715/memoria-dale7-16gb-3200mhz-ddr4-notebook-1-2v
2026-07-01,ram,1048886,Memória Gamer Kingston Fury Hyperx Ddr3 4gb 1600mhz Desktop,0.0,139.0,134.83,3,0,0,True,Kingston,Hardware/Memória RAM/DDR 3/1600 Mhz PC12800,Sem Garantia,True,https://www.kabum.com.br/produto/1048886/memoria-gamer-kingston-fury-hyperx-ddr3-4gb-1600mhz-desktop
2026-07-01,ram,400916,"Memória Markvision, 4GB, 2400MHz, DDR4 - MVD44096MLD-24",0.0,368.0,368.0,0,0,0,True,Markvision,Hardware/Memória RAM/DDR 4,Sem Garantia,False,https://www.kabum.com.br/produto/400916/memoria-markvision-4gb-2400mhz-ddr4-mvd44096mld-24
2026-07-01,ram,1016128,Memoria Ram 4gb Ddr4 3200mhz Zmi,0.0,338.0,338.0,0,0,0,True,Smart,Hardware/Memória RAM/DDR 4/3200MHz,Sem Garantia,False,https://www.kabum.com.br/produto/1016128/memoria-ram-4gb-ddr4-3200mhz-zmi
2026-07-01,ram,589163,"Memória Ram Para Desktop Macrovip, 8GB, 1600MHz, DDR3",0.0,298.0,298.0,0,0,0,True,MACROVIP,Hardware/Memória RAM/DDR 4/1600MHz,Sem Garantia,False,https://www.kabum.com.br/produto/589163/memoria-ram-para-desktop-macrovip-8gb-1600mhz-ddr3
2026-07-01,ram,509220,"Memória RAM Desktop, Adata DDR4 8GB, 2666mhz - Ad4u26668g19-bgn",0.0,647.0,647.0,0,0,0,True,Adata,Hardware/Memória RAM/DDR 4,Sem Garantia,False,https://www.kabum.com.br/produto/509220/memoria-ram-desktop-adata-ddr4-8gb-2666mhz-ad4u26668g19-bgn
2026-07-01,ram,1023413,Memória De Notebook Kingston 8GB Ddr3l PC3l-12800s 1600mhz,0.0,189.0,189.0,0,0,0,True,Kingston,Hardware/Memória RAM/DDR 3,Sem Garantia,False,https://www.kabum.com.br/produto/1023413/memoria-de-notebook-kingston-8gb-ddr3l-pc3l-12800s-1600mhz
2026-07-01,ram,658851,Memória Servidor Nanya 1gb Ddr2 667mhz Ecc Nt1gt72u89d0bd-ac,0.0,119.0,119.0,0,0,0,True,Nanya,Hardware/Memória RAM/DDR 2,Sem Garantia,False,https://www.kabum.com.br/produto/658851/memoria-servidor-nanya-1gb-ddr2-667mhz-ecc-nt1gt72u89d0bd-ac
2026-07-01,ram,656378,Memória Ram Kingston 4gb - Kth-xw667lp/4g,0.0,999.0,999.0,0,0,0,True,Kingston,Hardware/Memória RAM/DDR 2,Sem Garantia,False,https://www.kabum.com.br/produto/656378/memoria-ram-kingston-4gb-kth-xw667lp-4g
2026-07-01,ram,1033408,Memória Ram Ddr3 8GB 1600mhz Cl11 1.5v 240pin Oem Xlinne,0.0,239.85,239.85,0,0,0,True,Xlinne,Hardware/Memória RAM/DDR 3/1600 Mhz PC12800,Sem Garantia,False,https://www.kabum.com.br/produto/1033408/memoria-pc-ddr3-8gb-1600mhz-12800-cl11-1-5v-240pin-oem-xlinne
2026-07-01,ram,1034849,"Memória Xpg Lancer Blade RGB Wh, 16gb Ddr5, 5600mhz, Cl46, Ax5u5600c4616g-slabrwh",0.0,2286.11,2286.11,0,0,0,True,Adata,Hardware/Memória RAM/DDR 5/5600MHz,Sem Garantia,False,https://www.kabum.com.br/produto/1034849/memoria-xpg-lancer-blade-rgb-wh-16gb-ddr5-5600mhz-cl46-ax5u5600c4616g-slabrwh
2026-07-01,ram,612757,Memória Ram Ddr3 4Gb 1600Mhz Cl11 1.5V Box XLinne,0.0,111.85,111.85,0,0,0,True,X-Linne,Hardware/Memória RAM/DDR 3/1600 Mhz PC12800,Sem Garantia,False,https://www.kabum.com.br/produto/612757/memoria-ram-ddr3-4gb-1600mhz-cl11-1-5v-box-xlinne
2026-07-01,ram,989185,Memória Ram 8GB Ddr3l 1600mhz Markvision Mvd38192msd-a6,0.0,318.0,318.0,0,0,0,True,Markvision,Hardware/Memória RAM/DDR 3/2000 Mhz PC16000,Sem Garantia,False,https://www.kabum.com.br/produto/989185/memoria-ram-8gb-ddr3l-1600mhz-markvision-mvd38192msd-a6
2026-07-01,ram,1049739,Memória Notebook Smart 8GB Ddr4 2666mhz,0.0,399.0,399.0,0,0,0,True,Smart,Hardware/Memória RAM/DDR 4/2666MHz,Sem Garantia,False,https://www.kabum.com.br/produto/1049739/memoria-notebook-smart-8gb-ddr4-2666mhz
2026-07-01,ram,1044170,Memória Ddr4 8GB 2666mhz Sodimm Sk Hynix,0.0,499.0,499.0,0,0,0,True,SK HYNIX,Hardware/Memória RAM/DDR 4/2666MHz,Sem Garantia,False,https://www.kabum.com.br/produto/1044170/memoria-ddr4-8gb-2666mhz-sodimm-sk-hynix
2026-07-01,ram,1048924,Memória Sk Hynix 4gb Ddr4 2133mhz Sodimm,0.0,299.0,299.0,0,0,0,True,SK HYNIX,Hardware/Memória RAM/DDR 4/2133MHz,Sem Garantia,False,https://www.kabum.com.br/produto/1048924/memoria-sk-hynix-4gb-ddr4-2133mhz-sodimm
2026-07-01,ram,1050164,Memoria Ddr3 8GB 1600mhz Keepdata Kd16n11/8g,0.0,248.74,248.74,0,0,0,True,KEEPDATA,Hardware/Memória RAM/DDR 3/1600 Mhz PC12800,Sem Garantia,False,https://www.kabum.com.br/produto/1050164/memoria-ddr3-8gb-1600mhz-keepdata-kd16n11-8g
2026-07-01,ram,1050160,Memória Ddr3 8 Gb 1600mhz Multilaser,0.0,248.74,248.74,0,0,0,True,Multi,Hardware/Memória RAM/DDR 3/1600 Mhz PC12800,Sem Garantia,False,https://www.kabum.com.br/produto/1050160/memoria-ddr3-8-gb-1600mhz-multilaser
2026-07-01,ram,1050157,Memória Ram Ddr4 8GB 2666mhz Hayom,0.0,662.49,662.49,0,0,0,True,Hayom,Hardware/Memória RAM/DDR 4/2666MHz,Sem Garantia,False,https://www.kabum.com.br/produto/1050157/memoria-ram-ddr4-8gb-2666mhz-hayom
2026-07-01,ram,532548,"Memória Gamer Dale7 No Limits, 4GB, 1333Mhz, DDR3, Desktop, Branco",0.0,111.89,111.89,0,0,0,True,Outros,Hardware/Memória RAM/DDR 3/1333 Mhz PC10666,Sem Garantia,False,https://www.kabum.com.br/produto/532548/memoria-gamer-dale7-no-limits-4gb-1333mhz-ddr3-desktop-branco
2026-07-01,ram,1027998,Memória Smart Ddr4 8GB PC4-2400t Desktop,0.0,399.0,399.0,0,0,0,True,Smart,Hardware/Memória RAM/DDR 4/2400MHz,Sem Garantia,False,https://www.kabum.com.br/produto/1027998/memoria-smart-ddr4-8gb-pc4-2400t-desktop
2026-07-01,ram,1029673,Kit 5 Memoria 8GB Ddr3 1600mhz Brazil PC Bpc1600d3cl11/8g,0.0,1124.5,922.09,18,0,0,True,Brazil PC,Hardware/Memória RAM/DDR 3/1600 Mhz PC12800,Sem Garantia,True,https://www.kabum.com.br/produto/1029673/kit-5-memoria-8gb-ddr3-1600mhz-brazil-pc-bpc1600d3cl11-8g
2026-07-01,ram,991821,Memória Ram Notebook Kingston Fury Impact 16gb 4800mhz Ddr5,0.0,3299.99,3167.99,4,0,0,True,Kingston,Hardware/Memória RAM/DDR 5/4800MHz,Sem Garantia,True,https://www.kabum.com.br/produto/991821/memoria-ram-notebook-kingston-fury-impact-16gb-4800mhz-ddr5
2026-07-01,ram,580012,"Memória Ram Gamer Kingston Fury Impact, 8GB, 3200mhz, DDR4 - Para Notebook",0.0,1399.99,1343.99,4,0,0,True,Kingston,Hardware/Memória RAM/DDR 4,Sem Garantia,True,https://www.kabum.com.br/produto/580012/memoria-ram-gamer-kingston-fury-impact-8gb-3200mhz-ddr4-para-notebook
2026-07-01,ram,579989,"Memória Ram Para Notebook Gamer Kingston Fury Impact, 4GB, 1600MHz, DDR3",0.0,969.99,931.19,4,0,0,True,Kingston,Hardware/Memória RAM/DDR 3,Sem Garantia,True,https://www.kabum.com.br/produto/579989/memoria-ram-para-notebook-gamer-kingston-fury-impact-4gb-1600mhz-ddr3
2026-07-01,ram,1036672,Memoria 8GB Ddr3l 1600mhz 1.35v  Hmt41gu6dfr8a Hynix,0.0,195.6,195.6,0,0,0,True,HYNIX,Hardware/Memória RAM/DDR 4/1600MHz,Sem Garantia,False,https://www.kabum.com.br/produto/1036672/memoria-8gb-ddr3l-1600mhz-1-35v-hmt41gu6dfr8a-hynix
2026-07-01,ram,1035025,Memoria 8GB Ddr3 1600mhz 1.5v Hynix Hmt41gu6bfr8c-pb,0.0,202.8,202.8,0,0,0,True,HYNIX,Hardware/Memória RAM/DDR 3/1600 Mhz PC12800,Sem Garantia,False,https://www.kabum.com.br/produto/1035025/memoria-8gb-ddr3-1600mhz-1-5v-hynix-hmt41gu6bfr8c-pb
2026-07-01,ram,700088,Memória Hiksemi Future 8GB 3200mhz Ddr4 Preta - Hsc408u32c2,0.0,646.94,549.9,15,0,0,True,Hiksemi,Hardware/Memória RAM,Sem Garantia,False,https://www.kabum.com.br/produto/700088/memoria-hiksemi-future-8gb-3200mhz-ddr4-preta-hsc408u32c2
2026-07-01,ram,1052897,Memória Ram Samsung 16gb Ddr5 5600mhz  Udimm,0.0,1499.0,1499.0,0,0,0,True,Samsung,Hardware/Memória RAM/DDR 5,Sem Garantia,False,https://www.kabum.com.br/produto/1052897/memoria-ram-samsung-16gb-ddr5-5600mhz-udimm
2026-07-01,ram,886361,Memória Ram 8GB Hp Proliant Bl460c Bl660c Dl360e Dl380e Gen8,0.0,315.0,315.0,0,0,0,True,Outros,Hardware/Memória RAM/DDR 3/1600 Mhz PC12800,Sem Garantia,True,https://www.kabum.com.br/produto/886361/memoria-ram-8gb-hp-proliant-bl460c-bl660c-dl360e-dl380e-gen8
2026-07-01,ram,885798,Memória Ram 16gb Para Mac Pro 2013,0.0,499.0,399.2,20,0,0,True,Outros,Hardware/Memória RAM/DDR 3/1866 Mhz PC15000,Sem Garantia,True,https://www.kabum.com.br/produto/885798/memoria-ram-16gb-para-mac-pro-2013
2026-07-01,ram,886335,Memória Ram 8GB Hp Proliant Bl460c Bl660c Dl360e Dl380e Gen8,0.0,315.0,315.0,0,0,0,True,Outros,Hardware/Memória RAM/DDR 3/1333 Mhz PC10666,Sem Garantia,True,https://www.kabum.com.br/produto/886335/memoria-ram-8gb-hp-proliant-bl460c-bl660c-dl360e-dl380e-gen8
2026-07-01,ram,883376,Memória Ram 8GB Ddr4 Ecc Proliant Ml110- Ml150 - Ml350 Gen9,0.0,739.0,739.0,0,0,0,True,Outros,Hardware/Memória RAM/DDR 4,Sem Garantia,True,https://www.kabum.com.br/produto/883376/memoria-ram-8gb-ddr4-ecc-proliant-ml110-ml150-ml350-gen9
2026-07-01,ram,883370,Memória Ram 16gb 2400 Mhz Ecc Registrada Para Hpe Proliant,0.0,990.0,990.0,0,0,0,True,Outros,Hardware/Memória RAM/DDR 4/2400MHz,Sem Garantia,True,https://www.kabum.com.br/produto/883370/memoria-ram-16gb-2400-mhz-ecc-registrada-para-hpe-proliant
2026-07-01,ram,883368,Memória Ram 16gb Ecc Poweredge R430 R530 R630 R730 R830 R930,0.0,990.0,990.0,0,0,0,True,Outros,Hardware/Memória RAM/DDR 4/2400MHz,Sem Garantia,True,https://www.kabum.com.br/produto/883368/memoria-ram-16gb-ecc-poweredge-r430-r530-r630-r730-r830-r930
2026-07-01,ram,883381,Memória Ram 16gb Ddr4 Ecc Dell Poweredge T430 - T440 - T630,0.0,990.0,990.0,0,0,0,True,Outros,Hardware/Memória RAM/DDR 4,Sem Garantia,True,https://www.kabum.com.br/produto/883381/memoria-ram-16gb-ddr4-ecc-dell-poweredge-t430-t440-t630
2026-07-01,ram,886349,Memória Ram 8GB Ddr3 Dell Poweredge R415 R515 R715 R815,0.0,315.0,315.0,0,0,0,True,Outros,Hardware/Memória RAM/DDR 3/1333 Mhz PC10666,Sem Garantia,True,https://www.kabum.com.br/produto/886349/memoria-ram-8gb-ddr3-dell-poweredge-r415-r515-r715-r815
2026-07-01,ram,883386,Memória Ram 16gb Para Macpro 2013 Torre,0.0,499.0,399.2,20,0,0,True,Outros,Hardware/Memória RAM/DDR 3/1866 Mhz PC15000,Sem Garantia,True,https://www.kabum.com.br/produto/883386/memoria-ram-16gb-para-macpro-2013-torre
2026-07-01,ram,883353,Memória Ram 16gb Dell Poweredge  C6220 Ii C6220 C8000 C8220,0.0,499.0,399.2,20,0,0,True,Outros,Hardware/Memória RAM/DDR 3,Sem Garantia,True,https://www.kabum.com.br/produto/883353/memoria-ram-16gb-dell-poweredge-c6220-ii-c6220-c8000-c8220
2026-07-01,ram,883358,Memória Ram 16gb Para Ibm 3550 E 3650 M4,0.0,499.0,399.2,20,0,0,True,Outros,Hardware/Memória RAM/DDR 3,Sem Garantia,True,https://www.kabum.com.br/produto/883358/memoria-ram-16gb-para-ibm-3550-e-3650-m4
2026-07-01,ram,883378,Memória Ram 16gb Ddr4 Proliant Dl120 - Dl160 - Dl180 - Gen9,0.0,990.0,990.0,0,0,0,True,Outros,Hardware/Memória RAM/DDR 4,Sem Garantia,True,https://www.kabum.com.br/produto/883378/memoria-ram-16gb-ddr4-proliant-dl120-dl160-dl180-gen9
2026-07-01,ram,886384,Memória Ram 16gb Proliant Dl360 Dl380 Dx360 Dl580 Ml110 Gen10,0.0,989.0,989.0,0,0,0,True,Outros,Hardware/Memória RAM/DDR 4/3200MHz,Sem Garantia,True,https://www.kabum.com.br/produto/886384/memoria-ram-16gb-proliant-dl360-dl380-dx360-dl580-ml110-gen10
2026-07-01,ram,886381,Memória Ram 16gb Ddr4 PC4 3200aa-r 25600  Lenovo Thinksystem,0.0,989.0,989.0,0,0,0,True,Outros,Hardware/Memória RAM/DDR 4/3200MHz,Sem Garantia,True,https://www.kabum.com.br/produto/886381/memoria-ram-16gb-ddr4-pc4-3200aa-r-25600-lenovo-thinksystem
2026-07-01,ram,883366,Memória Ram 8GB 2400 Mhz Ecc Registrada Para Dell Poweredge,0.0,739.0,739.0,0,0,0,True,Outros,Hardware/Memória RAM/DDR 4/2400MHz,Sem Garantia,True,https://www.kabum.com.br/produto/883366/memoria-ram-8gb-2400-mhz-ecc-registrada-para-dell-poweredge
2026-07-01,ram,885794,Memória Ram 8GB Para Dell Poweredge T310 E R310,0.0,349.0,279.2,20,0,0,True,Outros,Hardware/Memória RAM/DDR 3/1066 Mhz PC8500,Sem Garantia,True,https://www.kabum.com.br/produto/885794/memoria-ram-8gb-para-dell-poweredge-t310-e-r310
2026-07-01,ram,877831,Memória Ram 16gb Ddr4 Ecc System X - X3500 X3550 X3650 - M5,0.0,859.0,859.0,0,0,0,True,Outros,Hardware/Memória RAM/DDR 4/2133MHz,Sem Garantia,True,https://www.kabum.com.br/produto/877831/memoria-ram-16gb-ddr4-ecc-system-x-x3500-x3550-x3650-m5
2026-07-01,ram,878692,Memória Ram 8GB Ddr4 Proliant Dl120 - Dl160 - Dl180 - Gen9,0.0,639.0,639.0,0,0,0,True,Outros,Hardware/Memória RAM/DDR 4/2133MHz,Sem Garantia,True,https://www.kabum.com.br/produto/878692/memoria-ram-8gb-ddr4-proliant-dl120-dl160-dl180-gen9
2026-07-01,ram,878688,Memória Ram 8GB Ddr4 Proliant Dl360 - Dl380 - Dl388 - Gen9,0.0,639.0,639.0,0,0,0,True,Outros,Hardware/Memória RAM/DDR 4/2133MHz,Sem Garantia,True,https://www.kabum.com.br/produto/878688/memoria-ram-8gb-ddr4-proliant-dl360-dl380-dl388-gen9
2026-07-01,ram,878668,Memória Ram Para Lenovo Thinkagile 8GB Ddr4 2666mhz Ecc,0.0,799.0,799.0,0,0,0,True,Outros,Hardware/Memória RAM/DDR 4/2666MHz,Sem Garantia,True,https://www.kabum.com.br/produto/878668/memoria-ram-para-lenovo-thinkagile-8gb-ddr4-2666mhz-ecc
2026-07-01,ram,878690,Memória Ram 8GB Ddr4 Ecc Hp Proliant Bl460c - Bl660c - Gen9,0.0,639.0,639.0,0,0,0,True,Outros,Hardware/Memória RAM/DDR 4/2133MHz,Sem Garantia,True,https://www.kabum.com.br/produto/878690/memoria-ram-8gb-ddr4-ecc-hp-proliant-bl460c-bl660c-gen9
2026-07-01,ram,877830,Memória Ram 8GB Ddr4 System X - Thinkserver - Thinkstation,0.0,639.0,639.0,0,0,0,True,Outros,Hardware/Memória RAM/DDR 4/2133MHz,Sem Garantia,True,https://www.kabum.com.br/produto/877830/memoria-ram-8gb-ddr4-system-x-thinkserver-thinkstation
2026-07-01,ram,878684,Memória Ram 16gb Ddr4 Proliant Dl360 - Dl380 - Dl388 - Gen9,0.0,859.0,859.0,0,0,0,True,Outros,Hardware/Memória RAM/DDR 4/2133MHz,Sem Garantia,True,https://www.kabum.com.br/produto/878684/memoria-ram-16gb-ddr4-proliant-dl360-dl380-dl388-gen9
2026-07-01,ram,1050165,Memória Ddr3 4gb 1333mhz Brazil PC,0.0,999.9,999.9,0,0,0,True,Brazil PC,Hardware/Memória RAM/DDR 3/1333 Mhz PC10666,Sem Garantia,False,https://www.kabum.com.br/produto/1050165/memoria-ddr3-4gb-1333mhz-brazil-pc
2026-07-01,ram,1038163,Memória Nyvo 8GB Ddr4 3200 Mhz 1.2v Desktop Nexus Gamer Nexm32d4ud12/8,0.0,510.3,510.3,0,0,0,True,Outros,Hardware/Memória RAM/DDR 4/3200MHz,Sem Garantia,False,https://www.kabum.com.br/produto/1038163/memoria-nyvo-8gb-ddr4-3200-mhz-1-2v-desktop-nexus-gamer-nexm32d4ud12-8
2026-07-01,ram,1038164,Memória 8GB Ddr4 3200 Mhz 1.2v Desktop Nyvo Nexus Gamer Nexm32d4ud12/16,0.0,954.8,954.8,0,0,0,True,Outros,Hardware/Memória RAM/DDR 4/3200MHz,Sem Garantia,False,https://www.kabum.com.br/produto/1038164/memoria-8gb-ddr4-3200-mhz-1-2v-desktop-nyvo-nexus-gamer-nexm32d4ud12-16
2026-07-01,ram,693894,Memória Para Notebook Corsair Valueselect 16gb 2133mhz Ddr4 - Cmso16gx4m1a2133c15 - 2327.,0.0,1605.0,1605.0,0,0,0,True,Corsair,Hardware/Memória RAM/DDR 4/2666MHz,Sem Garantia,False,https://www.kabum.com.br/produto/693894/memoria-para-notebook-corsair-valueselect-16gb-2133mhz-ddr4-cmso16gx4m1a2133c15-2327-
2026-07-01,ram,1039291,"Memória Para Notebook Kingston Kvr 16gb Ddr4 3200mhz, Kvr32s22d8/16wp",0.0,1198.0,1198.0,0,0,0,True,Kingston,Hardware/Memória RAM/DDR 4/3200MHz,Sem Garantia,False,https://www.kabum.com.br/produto/1039291/memoria-para-notebook-kingston-kvr-16gb-ddr4-3200mhz-kvr32s22d8-16wp
2026-07-01,ram,1042621,Memória Ram Para PC Ddr5 32gb 5600mhz Cl46 Crucial Ct32g56c46u5 Udimm Desktop,0.0,3299.0,3299.0,0,0,0,True,Crucial,Hardware/Memória RAM/DDR 5/5600MHz,Sem Garantia,True,https://www.kabum.com.br/produto/1042621/memoria-ram-para-pc-ddr5-32gb-5600mhz-cl46-crucial-ct32g56c46u5-udimm-desktop
2026-07-01,ram,1029907,Memória 4gb Notebook Ddr4 2666 Oem,0.0,254.99,242.24,5,0,0,True,Brazil PC,Hardware/Memória RAM/DDR 4/2666MHz,Sem Garantia,False,https://www.kabum.com.br/produto/1029907/memoria-4gb-notebook-ddr4-2666-oem
2026-07-01,ram,1005265,Memoria Dell 16gb Ddr4 Ecc Reg R430 R530 R630 R730 R830 R930,0.0,1499.0,1499.0,0,0,0,True,Outros,Hardware/Memória RAM/DDR 4/2400MHz,Sem Garantia,True,https://www.kabum.com.br/produto/1005265/memoria-dell-16gb-ddr4-ecc-reg-r430-r530-r630-r730-r830-r930
2026-07-01,ram,1015353,Memoria 16gb Para Ddr5 Acer Aspire Nitro An517-42 An515-46,0.0,1999.0,1999.0,0,0,0,True,Outros,Hardware/Memória RAM/DDR 5/4800MHz,Sem Garantia,True,https://www.kabum.com.br/produto/1015353/memoria-16gb-para-ddr5-acer-aspire-nitro-an517-42-an515-46
2026-07-01,ram,1006975,Mem 16gb Acer Aspire 5 A515-54g A515-55 A515-55g A514-51,0.0,1499.0,1499.0,0,0,0,True,Outros,Hardware/Memória RAM/DDR 4/2666MHz,Sem Garantia,True,https://www.kabum.com.br/produto/1006975/mem-16gb-acer-aspire-5-a515-54g-a515-55-a515-55g-a514-51
2026-07-01,ram,1005549,Memoria 16gb Ddr4 Dell Inspiron Small Dekstop 3470 3471,0.0,1599.0,1599.0,0,0,0,True,Outros,Hardware/Memória RAM/DDR 4/2666MHz,Sem Garantia,True,https://www.kabum.com.br/produto/1005549/memoria-16gb-ddr4-dell-inspiron-small-dekstop-3470-3471
2026-07-01,ram,1007695,Memoria Dell Poweredge 32gb Ecc C4130 C6320 Fc430 Fc630,0.0,2399.0,2399.0,0,0,0,True,Outros,Hardware/Memória RAM/DDR 4/2400MHz,Sem Garantia,False,https://www.kabum.com.br/produto/1007695/memoria-dell-poweredge-32gb-ecc-c4130-c6320-fc430-fc630
2026-07-01,ram,996320,Memoria 8GB Ddr3 Para Dell Optiplex 3040 7020 Mt/sff,0.0,399.0,379.05,5,0,0,True,Outros,Hardware/Memória RAM/DDR 3/1600 Mhz PC12800,Sem Garantia,True,https://www.kabum.com.br/produto/996320/memoria-8gb-ddr3-para-dell-optiplex-3040-7020-mt-sff
2026-07-01,ram,991853,Mem 8GB Ddr4 Para Lenovo Thinkcentre M820z M920 M920q M920x,0.0,849.0,806.55,5,0,0,True,Outros,Hardware/Memória RAM/DDR 4/2666MHz,Sem Garantia,False,https://www.kabum.com.br/produto/991853/mem-8gb-ddr4-para-lenovo-thinkcentre-m820z-m920-m920q-m920x
2026-07-01,ram,1023233,Mem 8GB Ddr3 Para Dell Latitude 3150 3470 3560 3570 14 E5440,0.0,399.0,399.0,0,0,0,True,Dell,Hardware/Memória RAM/DDR 3/1600 Mhz PC12800,Sem Garantia,False,https://www.kabum.com.br/produto/1023233/mem-8gb-ddr3-para-dell-latitude-3150-3470-3560-3570-14-e5440
2026-07-01,ram,1006338,Memoria 32gb Lenovo Thinkserver Rd350 Rd450 Td350,0.0,2399.0,2399.0,0,0,0,True,Outros,Hardware/Memória RAM/DDR 4/2400MHz,Sem Garantia,True,https://www.kabum.com.br/produto/1006338/memoria-32gb-lenovo-thinkserver-rd350-rd450-td350
2026-07-01,ram,1015352,Memoria 16gb Ddr5 Para Dell Latitude 14 5440 15 5540 / 5431,0.0,1999.0,1999.0,0,0,0,True,Outros,Hardware/Memória RAM/DDR 5/4800MHz,Sem Garantia,False,https://www.kabum.com.br/produto/1015352/memoria-16gb-ddr5-para-dell-latitude-14-5440-15-5540-5431
2026-07-01,ram,1006975,Mem 16gb Acer Aspire 5 A515-54g A515-55 A515-55g A514-51,0.0,1499.0,1499.0,0,0,0,True,Outros,Hardware/Memória RAM/DDR 4/2666MHz,Sem Garantia,True,https://www.kabum.com.br/produto/1006975/mem-16gb-acer-aspire-5-a515-54g-a515-55-a515-55g-a514-51
2026-07-01,ram,1020683,Mem 8GB Ddr3 Para Lenovo Ideapad 300 305 310 320 100 110,0.0,399.0,399.0,0,0,0,True,Outros,Hardware/Memória RAM/DDR 3,Sem Garantia,True,https://www.kabum.com.br/produto/1020683/mem-8gb-ddr3-para-lenovo-ideapad-300-305-310-320-100-110
2026-07-01,ram,1023233,Mem 8GB Ddr3 Para Dell Latitude 3150 3470 3560 3570 14 E5440,0.0,399.0,399.0,0,0,0,True,Dell,Hardware/Memória RAM/DDR 3/1600 Mhz PC12800,Sem Garantia,False,https://www.kabum.com.br/produto/1023233/mem-8gb-ddr3-para-dell-latitude-3150-3470-3560-3570-14-e5440
2026-07-01,ram,996168,Mem 8GB Ddr3 Para Dell Inspirion 24 3455 3459 5459 5488 3263,0.0,399.0,379.05,5,0,0,True,Outros,Hardware/Memória RAM/DDR 3/1600 Mhz PC12800,Sem Garantia,True,https://www.kabum.com.br/produto/996168/mem-8gb-ddr3-para-lenovo-ideapad-300-305-310-320-100-110
2026-07-01,ram,996320,Memoria 8GB Ddr3 Para Dell Optiplex 3040 7020 Mt/sff,0.0,399.0,379.05,5,0,0,True,Outros,Hardware/Memória RAM/DDR 3/1600 Mhz PC12800,Sem Garantia,True,https://www.kabum.com.br/produto/996320/memoria-8gb-ddr3-para-dell-optiplex-3040-7020-mt-sff
2026-07-01,ram,996054,Mem 16gb Ddr4 Para Dell Alienware 15 R2 R3 R4 / 17 R3 R4 R5,0.0,1499.0,1424.05,5,0,0,True,Outros,Hardware/Memória RAM/DDR 4/2666MHz,Sem Garantia,True,https://www.kabum.com.br/produto/996054/mem-16gb-ddr4-para-dell-alienware-15-r2-r3-r4-17-r3-r4-r5
2026-07-01,ram,996055,Mem 8GB Ddr4 Para Lenovo Ideapad 330s 320s 520s 720s,0.0,849.0,806.55,5,0,0,True,Outros,Hardware/Memória RAM/DDR 4/2666MHz,Sem Garantia,True,https://www.kabum.com.br/produto/996055/mem-8gb-ddr4-para-lenovo-ideapad-330s-320s-520s-720s
2026-07-01,ram,1005549,Memoria 16gb Ddr4 Dell Inspiron Small Dekstop 3470 3471,0.0,1599.0,1599.0,0,0,0,True,Outros,Hardware/Memória RAM/DDR 4/2666MHz,Sem Garantia,True,https://www.kabum.com.br/produto/1005549/memoria-16gb-ddr4-dell-inspiron-small-dekstop-3470-3471
2026-07-01,ram,996175,Memoria 8GB Para Lenovo Ideapad Gaming 3 15imh 15arh 15ac,0.0,849.0,806.55,5,0,0,True,Outros,Hardware/Memória RAM/DDR 4/3200MHz,Sem Garantia,True,https://www.kabum.com.br/produto/996175/memoria-8gb-para-lenovo-ideapad-gaming-3-15imh-15arh-15ac
2026-07-01,ram,1004509,Memoria Hp 16gb Ddr4 Ecc Hp Proliant Xl250a Xl450 G9,0.0,1499.0,1484.01,1,0,0,True,Outros,Hardware/Memória RAM/DDR 4/2400MHz,Sem Garantia,True,https://www.kabum.com.br/produto/1004509/memoria-hp-16gb-ddr4-ecc-hp-proliant-xl250a-xl450-g9
2026-07-01,ram,1007695,Memoria Dell Poweredge 32gb Ecc C4130 C6320 Fc430 Fc630,0.0,2399.0,2399.0,0,0,0,True,Outros,Hardware/Memória RAM/DDR 4/2400MHz,Sem Garantia,False,https://www.kabum.com.br/produto/1007695/memoria-dell-poweredge-32gb-ecc-c4130-c6320-fc430-fc630
2026-07-01,ram,995918,Mem 4gb Para Dell Inspiron 14 R Z 3421 5420 5421 7420 5423,0.0,350.0,332.5,5,0,0,True,Outros,Hardware/Memória RAM/DDR 3/1600 Mhz PC12800,Sem Garantia,True,https://www.kabum.com.br/produto/995918/mem-4gb-para-dell-inspiron-14-r-z-3421-5420-5421-7420-5423
2026-07-01,ram,999403,Memoria 16gb Ddr4 Para Dell R440 R450 R550 R650 R750,0.0,1499.0,1499.0,0,0,0,True,Outros,Hardware/Memória RAM/DDR 4/2666MHz,Sem Garantia,True,https://www.kabum.com.br/produto/999403/memoria-16gb-ddr4-para-dell-r440-r450-r550-r650-r750
2026-07-01,ram,1026651,Mem 16gb Ddr5 Para Dell Inspiron 14 Plus 7420 - 16 Plus 7620,0.0,1999.0,1999.0,0,0,0,True,Outros,Hardware/Memória RAM/DDR 5/4800MHz,Sem Garantia,False,https://www.kabum.com.br/produto/1026651/mem-16gb-ddr5-para-dell-inspiron-14-plus-7420-16-plus-7620
2026-07-01,ram,1026623,Mem 8GB Ddr4 Para Dell Inspiron 5580 5582 5593 5598 5585,0.0,859.0,859.0,0,0,0,True,Dell,Hardware/Memória RAM/DDR 4/2666MHz,Sem Garantia,False,https://www.kabum.com.br/produto/1026623/mem-8gb-ddr4-para-dell-inspiron-5580-5582-5593-5598-5585
2026-07-01,ram,1006971,Memoria 16gb Ddr4 3200 Acer Predator Helios Ph317 Ph317,0.0,1499.0,1499.0,0,0,0,True,Outros,Hardware/Memória RAM/DDR 4/3200MHz,Sem Garantia,True,https://www.kabum.com.br/produto/1006971/memoria-16gb-ddr4-3200-acer-predator-helios-ph317-ph317
2026-07-01,ram,1005242,Mem 8GB Ddr4 Dell Precision 3630 3930 Tower Xps 8930,0.0,899.0,899.0,0,0,0,True,Outros,Hardware/Memória RAM/DDR 4/2666MHz,Sem Garantia,True,https://www.kabum.com.br/produto/1005242/mem-8gb-ddr4-dell-precision-3630-3930-tower-xps-8930
2026-07-01,ram,995900,Memoria 16gb Ddr4 Para Acer Aspire Nitro 5 An517-52 An515-56,0.0,1499.0,1424.05,5,0,0,True,Outros,Hardware/Memória RAM/DDR 4/3200MHz,Sem Garantia,True,https://www.kabum.com.br/produto/995900/memoria-16gb-ddr4-para-acer-aspire-nitro-5-an517-52-an515-56
2026-07-01,ram,995896,Mem 8GB Ddr4 Para Dell Inspiron 3268 3668 5675 5676 Gaming,0.0,899.0,854.05,5,0,0,True,Outros,Hardware/Memória RAM/DDR 4/2666MHz,Sem Garantia,True,https://www.kabum.com.br/produto/995896/mem-8gb-ddr4-para-dell-inspiron-3268-3668-5675-5676-gaming
2026-07-01,ram,996053,Memoria 8GB Ddr4 Para Dell Inspiron 15 5575 5576 5578 5577,0.0,849.0,806.55,5,0,0,True,Outros,Hardware/Memória RAM/DDR 4/2666MHz,Sem Garantia,True,https://www.kabum.com.br/produto/996053/memoria-8gb-ddr4-para-dell-inspiron-3583-3584-3585-3590-3593
2026-07-01,ram,998392,Mem 8GB Ddr4 Para Dell Optiplex 3050 5050 5055 7050 Tower,0.0,899.0,890.01,1,0,0,True,Outros,Hardware/Memória RAM/DDR 4/2666MHz,Sem Garantia,True,https://www.kabum.com.br/produto/998392/mem-8gb-ddr4-para-dell-optiplex-3050-5050-5055-7050-tower
2026-07-01,ram,996043,Mem 8GB Ddr4 Para Dell Inspiron Serie 3000 3511 3520 3530,0.0,849.0,806.55,5,0,0,True,Outros,Hardware/Memória RAM/DDR 4/3200MHz,Sem Garantia,True,https://www.kabum.com.br/produto/996043/mem-8gb-ddr4-para-dell-inspiron-serie-3000-3511-3520-3530
2026-07-01,ram,995539,Memoria 16gb Ddr4 Ecc Para Dell T550 T440 T640 R550,0.0,1499.0,1499.0,0,0,0,True,Outros,Hardware/Memória RAM/DDR 4/3200MHz,Sem Garantia,True,https://www.kabum.com.br/produto/995539/memoria-16gb-ddr4-ecc-para-dell-t550-t440-t640-r550
2026-07-01,ram,993151,Memoria 16gb Ddr4 Para Dell R530 R630 R730 R730xd R830 R930,0.0,1499.0,1499.0,0,0,0,True,Outros,Hardware/Memória RAM/DDR 4/2400MHz,Sem Garantia,True,https://www.kabum.com.br/produto/993151/memoria-16gb-ddr4-para-dell-t430-t630-r430-r630
2026-07-01,ram,995766,Memoria 16gb Ddr4 Para Dell Inspiron 14 5000 5401 5402 5410,0.0,1499.0,1424.05,5,0,0,True,Outros,Hardware/Memória RAM/DDR 4/3200MHz,Sem Garantia,True,https://www.kabum.com.br/produto/995766/memoria-16gb-ddr4-para-dell-inspiron-14-5000-5401-5402-5410
2026-07-01,ram,995781,Memoria 16gb 3200mhz Para Dell Alienware M15 R6 / Ryzen R5,0.0,1499.0,1424.05,5,0,0,True,Outros,Hardware/Memória RAM/DDR 4/3200MHz,Sem Garantia,True,https://www.kabum.com.br/produto/995781/memoria-16gb-3200mhz-para-dell-alienware-m15-r6-ryzen-r5
2026-07-01,ram,1004510,Memoria 16gb Ddr4 Para Hp Proliant Ml110 Ml150 Ml350 Dl160 Dl180 Dl360 Dl380 Dl385 Gen G9,0.0,1499.0,1484.01,1,0,0,True,Outros,Hardware/Memória RAM/DDR 4/2400MHz,Sem Garantia,True,https://www.kabum.com.br/produto/1004510/memoria-16gb-ddr4-para-hp-proliant-ml110-ml150-ml350-dl160-dl180-dl360-dl380-dl385-gen-g9
2026-07-01,ram,1004506,Memoria 32gb (02 X 16gb) Ddr4 Dell R240 R340 T140 T340,0.0,3599.0,3563.01,1,0,0,True,Outros,Hardware/Memória RAM/DDR 4/2666MHz,Sem Garantia,True,https://www.kabum.com.br/produto/1004506/memoria-32gb-02-x-16gb-ddr4-dell-r240-r340-t140-t340
2026-07-01,ram,1023235,Mem 4gb Ddr3 Para Dell Vostro 2420 2421 2520 3360 3460 3560,0.0,330.0,330.0,0,0,0,True,Dell,Hardware/Memória RAM/DDR 3/1600 Mhz PC12800,Sem Garantia,False,https://www.kabum.com.br/produto/1023235/mem-4gb-ddr3-para-dell-vostro-2420-2421-2520-3360-3460-3560
2026-07-01,ram,1038163,Memória Nyvo 8GB Ddr4 3200 Mhz 1.2v Desktop Nexus Gamer Nexm32d4ud12/8,0.0,510.3,510.3,0,0,0,True,Outros,Hardware/Memória RAM/DDR 4/3200MHz,Sem Garantia,False,https://www.kabum.com.br/produto/1038163/memoria-nyvo-8gb-ddr4-3200-mhz-1-2v-desktop-nexus-gamer-nexm32d4ud12-8
2026-07-01,ram,1038164,Memória 8GB Ddr4 3200 Mhz 1.2v Desktop Nyvo Nexus Gamer Nexm32d4ud12/16,0.0,954.8,954.8,0,0,0,True,Outros,Hardware/Memória RAM/DDR 4/3200MHz,Sem Garantia,False,https://www.kabum.com.br/produto/1038164/memoria-8gb-ddr4-3200-mhz-1-2v-desktop-nyvo-nexus-gamer-nexm32d4ud12-16
2026-07-01,ram,693894,Memória Para Notebook Corsair Valueselect 16gb 2133mhz Ddr4 - Cmso16gx4m1a2133c15 - 2327.,0.0,1605.0,1605.0,0,0,0,True,Corsair,Hardware/Memória RAM/DDR 4/2666MHz,Sem Garantia,False,https://www.kabum.com.br/produto/693894/memoria-para-notebook-corsair-valueselect-16gb-2133mhz-ddr4-cmso16gx4m1a2133c15-2327-
2026-07-01,ram,988971,Mem 16gb Ddr4 Para Dell Inspiron 15 3000 3511 3525 5501 5502,0.0,1349.0,1281.55,5,0,0,True,Outros,Hardware/Memória RAM/DDR 4/3200MHz,Sem Garantia,False,https://www.kabum.com.br/produto/988971/mem-16gb-ddr4-para-dell-inspiron-15-3000-3511-3525-5501-5502
2026-07-01,ram,991853,Mem 8GB Ddr4 Para Lenovo Thinkcentre M820z M920 M920q M920x,0.0,849.0,806.55,5,0,0,True,Outros,Hardware/Memória RAM/DDR 4/2666MHz,Sem Garantia,False,https://www.kabum.com.br/produto/991853/mem-8gb-ddr4-para-lenovo-thinkcentre-m820z-m920-m920q-m920x
2026-07-01,ram,993830,"Memória RAM XLinne, 8GB, DDR3, 1600MHz, CL11",0.0,187.85,187.85,0,0,0,True,Xlinne,Hardware/Memória RAM/DDR 3/1600 Mhz PC12800,Sem Garantia,False,https://www.kabum.com.br/produto/993830/memoria-ram-xlinne-8gb-ddr3-1600mhz-cl11
2026-07-01,ram,713191,Memória Notebook Tob 4gb 1600mhz Ddr3 TobDDR3l/1600-4gb,0.0,140.31,140.31,0,0,0,True,TOB COMPUTERS,Hardware/Memória RAM/DDR 3,Sem Garantia,False,https://www.kabum.com.br/produto/713191/memoria-notebook-tob-4gb-1600mhz-ddr3-tobddr3l-1600-4gb
2026-07-01,ram,1029224,Memoria Gamer Black PC 8GB Ddr3 1600mhz,0.0,179.9,179.9,0,0,0,True,Gamer Black,Hardware/Memória RAM/DDR 3/1600 Mhz PC12800,Sem Garantia,False,https://www.kabum.com.br/produto/1029224/memoria-gamer-black-pc-8gb-ddr3-1600mhz
2026-07-01,ram,1018053,Memória Bluecase 8GB Ddr3l Low Voltage 1600mhz 1.35v Notebook,0.0,226.8,226.8,0,0,0,True,Bluecase,Hardware/Memória RAM/DDR 4/1600MHz,Sem Garantia,False,https://www.kabum.com.br/produto/1018053/memoria-bluecase-8gb-ddr3l-low-voltage-1600mhz-1-35v-notebook
2026-07-01,ram,1003519,Mem?ria Sk Hynix 16gb Ddr4 2666mhz Cl19 - Hma82gu6cjr8n-vk,0.0,1119.0,1119.0,0,0,0,True,HYNIX,Hardware/Memória RAM/DDR 4/2666MHz,Sem Garantia,False,https://www.kabum.com.br/produto/1003519/mem-ria-sk-hynix-16gb-ddr4-2666mhz-ecc-cl19-hma82gu6cjr8n-vk
2026-07-01,ram,1027229,Mem?ria Samsung 16gb Ddr4 3200mhz Cl22 P/notebook - M471a2k43eb1-cwe,0.0,999.75,999.75,0,0,0,True,Samsung,Hardware/Memória RAM/DDR 4/3200MHz,Sem Garantia,False,https://www.kabum.com.br/produto/1027229/mem-ria-samsung-16gb-ddr4-3200mhz-cl22-p-notebook-m471a2k43eb1-cwe
2026-07-01,ram,1051756,Memoria Notebook Ddr4 16gb Macrovip 2666mhz Sodimm,0.0,649.9,649.9,0,0,0,True,MACROVIP,Hardware/Memória RAM/DDR 4/2666MHz,Sem Garantia,False,https://www.kabum.com.br/produto/1051756/memoria-notebook-ddr4-16gb-macrovip-2666mhz-sodimm
2026-07-01,ram,1046186,Memória Desktop Ddr4 8GB Kingston Fury 3200mhz RGB,0.0,609.9,609.9,0,0,0,True,Kingston,Hardware/Memória RAM/DDR 4/3200MHz,Sem Garantia,False,https://www.kabum.com.br/produto/1046186/memoria-desktop-ddr4-8gb-kingston-fury-3200mhz-rgb
2026-07-01,ram,502717,"Memória Mancer Banshee, 8GB, DDR4, 2666mhz, Cl19 - Mcr-bsh8-2666",0.0,613.15,613.15,0,0,0,True,Outros,Hardware/Memória RAM/DDR 4,Sem Garantia,False,https://www.kabum.com.br/produto/502717/memoria-mancer-banshee-8gb-ddr4-2666mhz-cl19-mcr-bsh8-2666
2026-07-01,ram,1028859,"Memória Ram Desktop Kingston Kvr24n17s8/8, 8GB Ddr4 2400mhz, Cl17, 1.2v, 288-pin Udimm, Oem, S/caixa, Preto",0.0,934.45,934.45,0,0,0,True,Kingston,Hardware/Memória RAM,Sem Garantia,False,https://www.kabum.com.br/produto/1028859/memoria-ram-desktop-kingston-kvr24n17s8-8-8gb-ddr4-2400mhz-cl17-1-2v-288-pin-udimm-oem-s-caixa-preto
2026-07-01,ram,1042723,Memória Ram Clanm Ddr4 16gb 2666mhz C19 Dimm Gamer Para Desktop,0.0,1064.7,1064.7,0,0,0,True,Clanm,Hardware/Memória RAM/DDR 4/2666MHz,Sem Garantia,False,https://www.kabum.com.br/produto/1042723/memoria-ram-clanm-ddr4-16gb-2666mhz-c19-dimm-gamer-para-desktop
2026-07-01,ram,707795,Memória Gamer Ddr4 8GB 3200 Mhz Desktop Dale7 No Limits Cor:azul,0.0,486.89,486.89,0,0,0,True,Outros,Hardware/Memória RAM/DDR 4/3200MHz,Sem Garantia,False,https://www.kabum.com.br/produto/707795/memoria-gamer-ddr4-8gb-3200-mhz-desktop-dale7-no-limits-cor-azul
2026-07-01,ram,533058,"Memória Gamer Dale7 No Limits, 8GB, 2400Mhz, DDR4, Desktop, Azul",0.0,459.89,459.89,0,0,0,True,Outros,Hardware/Memória RAM/DDR 4,Sem Garantia,False,https://www.kabum.com.br/produto/533058/memoria-gamer-dale7-no-limits-8gb-2400mhz-ddr4-desktop-azul
2026-07-01,ram,886362,Memória Ram 8GB Ddr3 1600mhz 12800r Para Dell Poweredge,0.0,315.0,315.0,0,0,0,True,Outros,Hardware/Memória RAM/DDR 3/1600 Mhz PC12800,Sem Garantia,True,https://www.kabum.com.br/produto/886362/memoria-ram-8gb-ddr3-1600mhz-12800r-para-dell-poweredge
2026-07-01,ram,886358,Memória Ram 8GB Ddr3 Dell Poweredge R320 R420 R520 R620 R720,0.0,315.0,315.0,0,0,0,True,Outros,Hardware/Memória RAM/DDR 3/1600 Mhz PC12800,Sem Garantia,True,https://www.kabum.com.br/produto/886358/memoria-ram-8gb-ddr3-dell-poweredge-r320-r420-r520-r620-r720
2026-07-01,ram,952220,Memória Ram  8GB Ddr4 Ecc - Hp Proliant Microserver Gen10,0.0,1259.0,1259.0,0,0,0,True,Outros,Hardware/Memória RAM/DDR 4/2400MHz,Sem Garantia,True,https://www.kabum.com.br/produto/952220/memoria-ram-8gb-ddr4-ecc-hp-proliant-microserver-gen10
2026-07-01,ram,952217,Memória Ram  8GB Ddr4 Ecc - Lenovo Thinkstation,0.0,1259.0,1259.0,0,0,0,True,Outros,Hardware/Memória RAM/DDR 4/2400MHz,Sem Garantia,True,https://www.kabum.com.br/produto/952217/memoria-ram-8gb-ddr4-ecc-lenovo-thinkstation
2026-07-01,ram,952218,Memória Ram  8GB Ddr4 Udimm Ecc - Hp Proliant Ml10 (gen9),0.0,1259.0,1259.0,0,0,0,True,Outros,Hardware/Memória RAM/DDR 4/2400MHz,Sem Garantia,True,https://www.kabum.com.br/produto/952218/memoria-ram-8gb-ddr4-udimm-ecc-hp-proliant-ml10-gen9-
2026-07-01,ram,1029907,Memória 4gb Notebook Ddr4 2666 Oem,0.0,254.99,242.24,5,0,0,True,Brazil PC,Hardware/Memória RAM/DDR 4/2666MHz,Sem Garantia,False,https://www.kabum.com.br/produto/1029907/memoria-4gb-notebook-ddr4-2666-oem
2026-07-01,ram,1042621,Memória Ram Para PC Ddr5 32gb 5600mhz Cl46 Crucial Ct32g56c46u5 Udimm Desktop,0.0,3299.0,3299.0,0,0,0,True,Crucial,Hardware/Memória RAM/DDR 5/5600MHz,Sem Garantia,True,https://www.kabum.com.br/produto/1042621/memoria-ram-para-pc-ddr5-32gb-5600mhz-cl46-crucial-ct32g56c46u5-udimm-desktop
2026-07-01,ram,1039291,"Memória Para Notebook Kingston Kvr 16gb Ddr4 3200mhz, Kvr32s22d8/16wp",0.0,1198.0,1198.0,0,0,0,True,Kingston,Hardware/Memória RAM/DDR 4/3200MHz,Sem Garantia,False,https://www.kabum.com.br/produto/1039291/memoria-para-notebook-kingston-kvr-16gb-ddr4-3200mhz-kvr32s22d8-16wp
2026-07-01,ram,1052572,"Memória Kingston Hyperx Fury 8GB, Ddr4, 2666mhz, PC4-21300, Cl16, 288-pin -  Hx426c16fb3/8",0.0,511.24,449.89,12,0,0,True,Kingston,Hardware/Memória RAM/DDR 4,Sem Garantia,False,https://www.kabum.com.br/produto/1052572/memoria-kingston-hyperx-fury-8gb-ddr4-2666mhz-pc4-21300-cl16-288-pin-hx426c16fb3-8
2026-07-01,ram,833807,Kit De Memória Para PC Corsair Vengeance 32gb (2x16gb) 5600mhz Ddr5 - 6797.,0.0,3640.0,3640.0,0,0,0,True,Corsair,Hardware/Memória RAM/DDR 5,Sem Garantia,False,https://www.kabum.com.br/produto/833807/kit-de-memoria-para-pc-corsair-vengeance-32gb-2x16gb-5600mhz-ddr5-6797
2026-07-01,ram,1049740,Memória Ram Samsung 8GB Ddr4 2666mhz Sodimm [notebook],0.0,499.0,499.0,0,0,0,True,Samsung,Hardware/Memória RAM/DDR 4/2666MHz,Sem Garantia,False,https://www.kabum.com.br/produto/1049740/memoria-ram-samsung-8gb-ddr4-2666mhz-sodimm-notebook-
